load "orbits";
g:=5;
RecFormat:=recformat<gen_vectors,cc, genvec_id,brd_id, top_id>;

data:=[];
label:="5.16-5.0.4-8-8";
gp_id:=[16,5];
signature:=[0,4,8,8];

g0:=signature[1];
H:=SmallGroup(gp_id[1],gp_id[2]); n:=#H; LP:=[]; LG:=[g : g in H]; for i in [1..n] do x:=LG[i]; Tx:=[LG[j]*x : j in [1..n]]; permL:=[]; for j in [1..n] do for k in [1..n] do if Tx[j] eq LG[k] then permL[j]:=k; break; end if; end for; end for; Append(~LP,permL); end for; G:=PermutationGroup<n|LP>;
S:=Sym(gp_id[1]);

gen_vectors:=[[7, 8, 6, 5, 3, 4, 2, 1, 15, 16, 14, 13, 11, 12, 10, 9], [9, 10, 11, 12, 13, 14, 15, 16, 3, 4, 2, 1, 7, 8, 6, 5], [14, 13, 16, 15, 10, 9, 12, 11, 8, 7, 5, 6, 4, 3, 1, 2]];
cc:=[1, 1];
id:=788;
gen_vectors_as_perm:=[S!perm : perm in gen_vectors];
Append(~data, rec<RecFormat |  gen_vectors:=gen_vectors_as_perm, cc:=cc, genvec_id:=id>);

gen_vectors:=[[7, 8, 6, 5, 3, 4, 2, 1, 15, 16, 14, 13, 11, 12, 10, 9], [11, 12, 10, 9, 15, 16, 14, 13, 2, 1, 4, 3, 6, 5, 8, 7], [15, 16, 14, 13, 11, 12, 10, 9, 6, 5, 8, 7, 2, 1, 4, 3]];
cc:=[2, 1];
id:=817;
gen_vectors_as_perm:=[S!perm : perm in gen_vectors];
Append(~data, rec<RecFormat |  gen_vectors:=gen_vectors_as_perm, cc:=cc, genvec_id:=id>);

gen_vectors:=[[7, 8, 6, 5, 3, 4, 2, 1, 15, 16, 14, 13, 11, 12, 10, 9], [10, 9, 12, 11, 14, 13, 16, 15, 4, 3, 1, 2, 8, 7, 5, 6], [13, 14, 15, 16, 9, 10, 11, 12, 7, 8, 6, 5, 3, 4, 2, 1]];
cc:=[3, 1];
id:=843;
gen_vectors_as_perm:=[S!perm : perm in gen_vectors];
Append(~data, rec<RecFormat |  gen_vectors:=gen_vectors_as_perm, cc:=cc, genvec_id:=id>);

gen_vectors:=[[7, 8, 6, 5, 3, 4, 2, 1, 15, 16, 14, 13, 11, 12, 10, 9], [12, 11, 9, 10, 16, 15, 13, 14, 1, 2, 3, 4, 5, 6, 7, 8], [16, 15, 13, 14, 12, 11, 9, 10, 5, 6, 7, 8, 1, 2, 3, 4]];
cc:=[4, 1];
id:=866;
gen_vectors_as_perm:=[S!perm : perm in gen_vectors];
Append(~data, rec<RecFormat |  gen_vectors:=gen_vectors_as_perm, cc:=cc, genvec_id:=id>);

gen_vectors:=[[8, 7, 5, 6, 4, 3, 1, 2, 16, 15, 13, 14, 12, 11, 9, 10], [9, 10, 11, 12, 13, 14, 15, 16, 3, 4, 2, 1, 7, 8, 6, 5], [13, 14, 15, 16, 9, 10, 11, 12, 7, 8, 6, 5, 3, 4, 2, 1]];
cc:=[5, 1];
id:=883;
gen_vectors_as_perm:=[S!perm : perm in gen_vectors];
Append(~data, rec<RecFormat |  gen_vectors:=gen_vectors_as_perm, cc:=cc, genvec_id:=id>);

gen_vectors:=[[8, 7, 5, 6, 4, 3, 1, 2, 16, 15, 13, 14, 12, 11, 9, 10], [11, 12, 10, 9, 15, 16, 14, 13, 2, 1, 4, 3, 6, 5, 8, 7], [16, 15, 13, 14, 12, 11, 9, 10, 5, 6, 7, 8, 1, 2, 3, 4]];
cc:=[6, 1];
id:=895;
gen_vectors_as_perm:=[S!perm : perm in gen_vectors];
Append(~data, rec<RecFormat |  gen_vectors:=gen_vectors_as_perm, cc:=cc, genvec_id:=id>);

gen_vectors:=[[8, 7, 5, 6, 4, 3, 1, 2, 16, 15, 13, 14, 12, 11, 9, 10], [10, 9, 12, 11, 14, 13, 16, 15, 4, 3, 1, 2, 8, 7, 5, 6], [14, 13, 16, 15, 10, 9, 12, 11, 8, 7, 5, 6, 4, 3, 1, 2]];
cc:=[7, 1];
id:=906;
gen_vectors_as_perm:=[S!perm : perm in gen_vectors];
Append(~data, rec<RecFormat |  gen_vectors:=gen_vectors_as_perm, cc:=cc, genvec_id:=id>);

gen_vectors:=[[8, 7, 5, 6, 4, 3, 1, 2, 16, 15, 13, 14, 12, 11, 9, 10], [12, 11, 9, 10, 16, 15, 13, 14, 1, 2, 3, 4, 5, 6, 7, 8], [15, 16, 14, 13, 11, 12, 10, 9, 6, 5, 8, 7, 2, 1, 4, 3]];
cc:=[8, 1];
id:=915;
gen_vectors_as_perm:=[S!perm : perm in gen_vectors];
Append(~data, rec<RecFormat |  gen_vectors:=gen_vectors_as_perm, cc:=cc, genvec_id:=id>);

FindOrbits(G,signature,data,g0,label,g);


data:=[];
label:="5.32-2.0.4-4-4";
gp_id:=[32,2];
signature:=[0,4,4,4];

g0:=signature[1];
H:=SmallGroup(gp_id[1],gp_id[2]); n:=#H; LP:=[]; LG:=[g : g in H]; for i in [1..n] do x:=LG[i]; Tx:=[LG[j]*x : j in [1..n]]; permL:=[]; for j in [1..n] do for k in [1..n] do if Tx[j] eq LG[k] then permL[j]:=k; break; end if; end for; end for; Append(~LP,permL); end for; G:=PermutationGroup<n|LP>;
S:=Sym(gp_id[1]);

gen_vectors:=[[9, 10, 11, 12, 13, 14, 15, 16, 2, 1, 4, 3, 6, 5, 8, 7, 25, 26, 27, 28, 29, 30, 31, 32, 18, 17, 20, 19, 22, 21, 24, 23], [17, 18, 19, 20, 21, 22, 23, 24, 29, 30, 31, 32, 25, 26, 27, 28, 3, 4, 1, 2, 7, 8, 5, 6, 15, 16, 13, 14, 11, 12, 9, 10], [28, 27, 26, 25, 32, 31, 30, 29, 23, 24, 21, 22, 19, 20, 17, 18, 10, 9, 12, 11, 14, 13, 16, 15, 5, 6, 7, 8, 1, 2, 3, 4]];
cc:=[1, 1];
id:=795;
gen_vectors_as_perm:=[S!perm : perm in gen_vectors];
Append(~data, rec<RecFormat |  gen_vectors:=gen_vectors_as_perm, cc:=cc, genvec_id:=id>);

gen_vectors:=[[9, 10, 11, 12, 13, 14, 15, 16, 2, 1, 4, 3, 6, 5, 8, 7, 25, 26, 27, 28, 29, 30, 31, 32, 18, 17, 20, 19, 22, 21, 24, 23], [19, 20, 17, 18, 23, 24, 21, 22, 31, 32, 29, 30, 27, 28, 25, 26, 1, 2, 3, 4, 5, 6, 7, 8, 13, 14, 15, 16, 9, 10, 11, 12], [26, 25, 28, 27, 30, 29, 32, 31, 21, 22, 23, 24, 17, 18, 19, 20, 12, 11, 10, 9, 16, 15, 14, 13, 7, 8, 5, 6, 3, 4, 1, 2]];
cc:=[2, 1];
id:=824;
gen_vectors_as_perm:=[S!perm : perm in gen_vectors];
Append(~data, rec<RecFormat |  gen_vectors:=gen_vectors_as_perm, cc:=cc, genvec_id:=id>);

gen_vectors:=[[9, 10, 11, 12, 13, 14, 15, 16, 2, 1, 4, 3, 6, 5, 8, 7, 25, 26, 27, 28, 29, 30, 31, 32, 18, 17, 20, 19, 22, 21, 24, 23], [18, 17, 20, 19, 22, 21, 24, 23, 30, 29, 32, 31, 26, 25, 28, 27, 4, 3, 2, 1, 8, 7, 6, 5, 16, 15, 14, 13, 12, 11, 10, 9], [27, 28, 25, 26, 31, 32, 29, 30, 24, 23, 22, 21, 20, 19, 18, 17, 9, 10, 11, 12, 13, 14, 15, 16, 6, 5, 8, 7, 2, 1, 4, 3]];
cc:=[3, 1];
id:=848;
gen_vectors_as_perm:=[S!perm : perm in gen_vectors];
Append(~data, rec<RecFormat |  gen_vectors:=gen_vectors_as_perm, cc:=cc, genvec_id:=id>);

gen_vectors:=[[9, 10, 11, 12, 13, 14, 15, 16, 2, 1, 4, 3, 6, 5, 8, 7, 25, 26, 27, 28, 29, 30, 31, 32, 18, 17, 20, 19, 22, 21, 24, 23], [20, 19, 18, 17, 24, 23, 22, 21, 32, 31, 30, 29, 28, 27, 26, 25, 2, 1, 4, 3, 6, 5, 8, 7, 14, 13, 16, 15, 10, 9, 12, 11], [25, 26, 27, 28, 29, 30, 31, 32, 22, 21, 24, 23, 18, 17, 20, 19, 11, 12, 9, 10, 15, 16, 13, 14, 8, 7, 6, 5, 4, 3, 2, 1]];
cc:=[4, 1];
id:=871;
gen_vectors_as_perm:=[S!perm : perm in gen_vectors];
Append(~data, rec<RecFormat |  gen_vectors:=gen_vectors_as_perm, cc:=cc, genvec_id:=id>);

gen_vectors:=[[10, 9, 12, 11, 14, 13, 16, 15, 1, 2, 3, 4, 5, 6, 7, 8, 26, 25, 28, 27, 30, 29, 32, 31, 17, 18, 19, 20, 21, 22, 23, 24], [17, 18, 19, 20, 21, 22, 23, 24, 29, 30, 31, 32, 25, 26, 27, 28, 3, 4, 1, 2, 7, 8, 5, 6, 15, 16, 13, 14, 11, 12, 9, 10], [27, 28, 25, 26, 31, 32, 29, 30, 24, 23, 22, 21, 20, 19, 18, 17, 9, 10, 11, 12, 13, 14, 15, 16, 6, 5, 8, 7, 2, 1, 4, 3]];
cc:=[5, 1];
id:=885;
gen_vectors_as_perm:=[S!perm : perm in gen_vectors];
Append(~data, rec<RecFormat |  gen_vectors:=gen_vectors_as_perm, cc:=cc, genvec_id:=id>);

gen_vectors:=[[10, 9, 12, 11, 14, 13, 16, 15, 1, 2, 3, 4, 5, 6, 7, 8, 26, 25, 28, 27, 30, 29, 32, 31, 17, 18, 19, 20, 21, 22, 23, 24], [19, 20, 17, 18, 23, 24, 21, 22, 31, 32, 29, 30, 27, 28, 25, 26, 1, 2, 3, 4, 5, 6, 7, 8, 13, 14, 15, 16, 9, 10, 11, 12], [25, 26, 27, 28, 29, 30, 31, 32, 22, 21, 24, 23, 18, 17, 20, 19, 11, 12, 9, 10, 15, 16, 13, 14, 8, 7, 6, 5, 4, 3, 2, 1]];
cc:=[6, 1];
id:=897;
gen_vectors_as_perm:=[S!perm : perm in gen_vectors];
Append(~data, rec<RecFormat |  gen_vectors:=gen_vectors_as_perm, cc:=cc, genvec_id:=id>);

gen_vectors:=[[10, 9, 12, 11, 14, 13, 16, 15, 1, 2, 3, 4, 5, 6, 7, 8, 26, 25, 28, 27, 30, 29, 32, 31, 17, 18, 19, 20, 21, 22, 23, 24], [18, 17, 20, 19, 22, 21, 24, 23, 30, 29, 32, 31, 26, 25, 28, 27, 4, 3, 2, 1, 8, 7, 6, 5, 16, 15, 14, 13, 12, 11, 10, 9], [28, 27, 26, 25, 32, 31, 30, 29, 23, 24, 21, 22, 19, 20, 17, 18, 10, 9, 12, 11, 14, 13, 16, 15, 5, 6, 7, 8, 1, 2, 3, 4]];
cc:=[7, 1];
id:=908;
gen_vectors_as_perm:=[S!perm : perm in gen_vectors];
Append(~data, rec<RecFormat |  gen_vectors:=gen_vectors_as_perm, cc:=cc, genvec_id:=id>);

gen_vectors:=[[10, 9, 12, 11, 14, 13, 16, 15, 1, 2, 3, 4, 5, 6, 7, 8, 26, 25, 28, 27, 30, 29, 32, 31, 17, 18, 19, 20, 21, 22, 23, 24], [20, 19, 18, 17, 24, 23, 22, 21, 32, 31, 30, 29, 28, 27, 26, 25, 2, 1, 4, 3, 6, 5, 8, 7, 14, 13, 16, 15, 10, 9, 12, 11], [26, 25, 28, 27, 30, 29, 32, 31, 21, 22, 23, 24, 17, 18, 19, 20, 12, 11, 10, 9, 16, 15, 14, 13, 7, 8, 5, 6, 3, 4, 1, 2]];
cc:=[8, 1];
id:=917;
gen_vectors_as_perm:=[S!perm : perm in gen_vectors];
Append(~data, rec<RecFormat |  gen_vectors:=gen_vectors_as_perm, cc:=cc, genvec_id:=id>);

gen_vectors:=[[11, 12, 9, 10, 15, 16, 13, 14, 4, 3, 2, 1, 8, 7, 6, 5, 27, 28, 25, 26, 31, 32, 29, 30, 20, 19, 18, 17, 24, 23, 22, 21], [17, 18, 19, 20, 21, 22, 23, 24, 29, 30, 31, 32, 25, 26, 27, 28, 3, 4, 1, 2, 7, 8, 5, 6, 15, 16, 13, 14, 11, 12, 9, 10], [26, 25, 28, 27, 30, 29, 32, 31, 21, 22, 23, 24, 17, 18, 19, 20, 12, 11, 10, 9, 16, 15, 14, 13, 7, 8, 5, 6, 3, 4, 1, 2]];
cc:=[9, 1];
id:=922;
gen_vectors_as_perm:=[S!perm : perm in gen_vectors];
Append(~data, rec<RecFormat |  gen_vectors:=gen_vectors_as_perm, cc:=cc, genvec_id:=id>);

gen_vectors:=[[11, 12, 9, 10, 15, 16, 13, 14, 4, 3, 2, 1, 8, 7, 6, 5, 27, 28, 25, 26, 31, 32, 29, 30, 20, 19, 18, 17, 24, 23, 22, 21], [19, 20, 17, 18, 23, 24, 21, 22, 31, 32, 29, 30, 27, 28, 25, 26, 1, 2, 3, 4, 5, 6, 7, 8, 13, 14, 15, 16, 9, 10, 11, 12], [28, 27, 26, 25, 32, 31, 30, 29, 23, 24, 21, 22, 19, 20, 17, 18, 10, 9, 12, 11, 14, 13, 16, 15, 5, 6, 7, 8, 1, 2, 3, 4]];
cc:=[10, 1];
id:=925;
gen_vectors_as_perm:=[S!perm : perm in gen_vectors];
Append(~data, rec<RecFormat |  gen_vectors:=gen_vectors_as_perm, cc:=cc, genvec_id:=id>);

gen_vectors:=[[11, 12, 9, 10, 15, 16, 13, 14, 4, 3, 2, 1, 8, 7, 6, 5, 27, 28, 25, 26, 31, 32, 29, 30, 20, 19, 18, 17, 24, 23, 22, 21], [18, 17, 20, 19, 22, 21, 24, 23, 30, 29, 32, 31, 26, 25, 28, 27, 4, 3, 2, 1, 8, 7, 6, 5, 16, 15, 14, 13, 12, 11, 10, 9], [25, 26, 27, 28, 29, 30, 31, 32, 22, 21, 24, 23, 18, 17, 20, 19, 11, 12, 9, 10, 15, 16, 13, 14, 8, 7, 6, 5, 4, 3, 2, 1]];
cc:=[11, 1];
id:=927;
gen_vectors_as_perm:=[S!perm : perm in gen_vectors];
Append(~data, rec<RecFormat |  gen_vectors:=gen_vectors_as_perm, cc:=cc, genvec_id:=id>);

gen_vectors:=[[11, 12, 9, 10, 15, 16, 13, 14, 4, 3, 2, 1, 8, 7, 6, 5, 27, 28, 25, 26, 31, 32, 29, 30, 20, 19, 18, 17, 24, 23, 22, 21], [20, 19, 18, 17, 24, 23, 22, 21, 32, 31, 30, 29, 28, 27, 26, 25, 2, 1, 4, 3, 6, 5, 8, 7, 14, 13, 16, 15, 10, 9, 12, 11], [27, 28, 25, 26, 31, 32, 29, 30, 24, 23, 22, 21, 20, 19, 18, 17, 9, 10, 11, 12, 13, 14, 15, 16, 6, 5, 8, 7, 2, 1, 4, 3]];
cc:=[12, 1];
id:=929;
gen_vectors_as_perm:=[S!perm : perm in gen_vectors];
Append(~data, rec<RecFormat |  gen_vectors:=gen_vectors_as_perm, cc:=cc, genvec_id:=id>);

gen_vectors:=[[12, 11, 10, 9, 16, 15, 14, 13, 3, 4, 1, 2, 7, 8, 5, 6, 28, 27, 26, 25, 32, 31, 30, 29, 19, 20, 17, 18, 23, 24, 21, 22], [17, 18, 19, 20, 21, 22, 23, 24, 29, 30, 31, 32, 25, 26, 27, 28, 3, 4, 1, 2, 7, 8, 5, 6, 15, 16, 13, 14, 11, 12, 9, 10], [25, 26, 27, 28, 29, 30, 31, 32, 22, 21, 24, 23, 18, 17, 20, 19, 11, 12, 9, 10, 15, 16, 13, 14, 8, 7, 6, 5, 4, 3, 2, 1]];
cc:=[13, 1];
id:=931;
gen_vectors_as_perm:=[S!perm : perm in gen_vectors];
Append(~data, rec<RecFormat |  gen_vectors:=gen_vectors_as_perm, cc:=cc, genvec_id:=id>);

gen_vectors:=[[12, 11, 10, 9, 16, 15, 14, 13, 3, 4, 1, 2, 7, 8, 5, 6, 28, 27, 26, 25, 32, 31, 30, 29, 19, 20, 17, 18, 23, 24, 21, 22], [19, 20, 17, 18, 23, 24, 21, 22, 31, 32, 29, 30, 27, 28, 25, 26, 1, 2, 3, 4, 5, 6, 7, 8, 13, 14, 15, 16, 9, 10, 11, 12], [27, 28, 25, 26, 31, 32, 29, 30, 24, 23, 22, 21, 20, 19, 18, 17, 9, 10, 11, 12, 13, 14, 15, 16, 6, 5, 8, 7, 2, 1, 4, 3]];
cc:=[14, 1];
id:=933;
gen_vectors_as_perm:=[S!perm : perm in gen_vectors];
Append(~data, rec<RecFormat |  gen_vectors:=gen_vectors_as_perm, cc:=cc, genvec_id:=id>);

gen_vectors:=[[12, 11, 10, 9, 16, 15, 14, 13, 3, 4, 1, 2, 7, 8, 5, 6, 28, 27, 26, 25, 32, 31, 30, 29, 19, 20, 17, 18, 23, 24, 21, 22], [18, 17, 20, 19, 22, 21, 24, 23, 30, 29, 32, 31, 26, 25, 28, 27, 4, 3, 2, 1, 8, 7, 6, 5, 16, 15, 14, 13, 12, 11, 10, 9], [26, 25, 28, 27, 30, 29, 32, 31, 21, 22, 23, 24, 17, 18, 19, 20, 12, 11, 10, 9, 16, 15, 14, 13, 7, 8, 5, 6, 3, 4, 1, 2]];
cc:=[15, 1];
id:=935;
gen_vectors_as_perm:=[S!perm : perm in gen_vectors];
Append(~data, rec<RecFormat |  gen_vectors:=gen_vectors_as_perm, cc:=cc, genvec_id:=id>);

gen_vectors:=[[12, 11, 10, 9, 16, 15, 14, 13, 3, 4, 1, 2, 7, 8, 5, 6, 28, 27, 26, 25, 32, 31, 30, 29, 19, 20, 17, 18, 23, 24, 21, 22], [20, 19, 18, 17, 24, 23, 22, 21, 32, 31, 30, 29, 28, 27, 26, 25, 2, 1, 4, 3, 6, 5, 8, 7, 14, 13, 16, 15, 10, 9, 12, 11], [28, 27, 26, 25, 32, 31, 30, 29, 23, 24, 21, 22, 19, 20, 17, 18, 10, 9, 12, 11, 14, 13, 16, 15, 5, 6, 7, 8, 1, 2, 3, 4]];
cc:=[16, 1];
id:=937;
gen_vectors_as_perm:=[S!perm : perm in gen_vectors];
Append(~data, rec<RecFormat |  gen_vectors:=gen_vectors_as_perm, cc:=cc, genvec_id:=id>);

FindOrbits(G,signature,data,g0,label,g);


data:=[];
label:="5.22-2.0.2-11-22";
gp_id:=[22,2];
signature:=[0,2,11,22];

g0:=signature[1];
H:=SmallGroup(gp_id[1],gp_id[2]); n:=#H; LP:=[]; LG:=[g : g in H]; for i in [1..n] do x:=LG[i]; Tx:=[LG[j]*x : j in [1..n]]; permL:=[]; for j in [1..n] do for k in [1..n] do if Tx[j] eq LG[k] then permL[j]:=k; break; end if; end for; end for; Append(~LP,permL); end for; G:=PermutationGroup<n|LP>;
S:=Sym(gp_id[1]);

gen_vectors:=[[12, 13, 14, 15, 16, 17, 18, 19, 20, 21, 22, 1, 2, 3, 4, 5, 6, 7, 8, 9, 10, 11], [2, 3, 4, 5, 6, 7, 8, 9, 10, 11, 1, 13, 14, 15, 16, 17, 18, 19, 20, 21, 22, 12], [22, 12, 13, 14, 15, 16, 17, 18, 19, 20, 21, 11, 1, 2, 3, 4, 5, 6, 7, 8, 9, 10]];
cc:=[1, 1];
id:=775;
gen_vectors_as_perm:=[S!perm : perm in gen_vectors];
Append(~data, rec<RecFormat |  gen_vectors:=gen_vectors_as_perm, cc:=cc, genvec_id:=id>);

gen_vectors:=[[12, 13, 14, 15, 16, 17, 18, 19, 20, 21, 22, 1, 2, 3, 4, 5, 6, 7, 8, 9, 10, 11], [3, 4, 5, 6, 7, 8, 9, 10, 11, 1, 2, 14, 15, 16, 17, 18, 19, 20, 21, 22, 12, 13], [21, 22, 12, 13, 14, 15, 16, 17, 18, 19, 20, 10, 11, 1, 2, 3, 4, 5, 6, 7, 8, 9]];
cc:=[2, 1];
id:=805;
gen_vectors_as_perm:=[S!perm : perm in gen_vectors];
Append(~data, rec<RecFormat |  gen_vectors:=gen_vectors_as_perm, cc:=cc, genvec_id:=id>);

gen_vectors:=[[12, 13, 14, 15, 16, 17, 18, 19, 20, 21, 22, 1, 2, 3, 4, 5, 6, 7, 8, 9, 10, 11], [4, 5, 6, 7, 8, 9, 10, 11, 1, 2, 3, 15, 16, 17, 18, 19, 20, 21, 22, 12, 13, 14], [20, 21, 22, 12, 13, 14, 15, 16, 17, 18, 19, 9, 10, 11, 1, 2, 3, 4, 5, 6, 7, 8]];
cc:=[3, 1];
id:=834;
gen_vectors_as_perm:=[S!perm : perm in gen_vectors];
Append(~data, rec<RecFormat |  gen_vectors:=gen_vectors_as_perm, cc:=cc, genvec_id:=id>);

gen_vectors:=[[12, 13, 14, 15, 16, 17, 18, 19, 20, 21, 22, 1, 2, 3, 4, 5, 6, 7, 8, 9, 10, 11], [5, 6, 7, 8, 9, 10, 11, 1, 2, 3, 4, 16, 17, 18, 19, 20, 21, 22, 12, 13, 14, 15], [19, 20, 21, 22, 12, 13, 14, 15, 16, 17, 18, 8, 9, 10, 11, 1, 2, 3, 4, 5, 6, 7]];
cc:=[4, 1];
id:=857;
gen_vectors_as_perm:=[S!perm : perm in gen_vectors];
Append(~data, rec<RecFormat |  gen_vectors:=gen_vectors_as_perm, cc:=cc, genvec_id:=id>);

gen_vectors:=[[12, 13, 14, 15, 16, 17, 18, 19, 20, 21, 22, 1, 2, 3, 4, 5, 6, 7, 8, 9, 10, 11], [6, 7, 8, 9, 10, 11, 1, 2, 3, 4, 5, 17, 18, 19, 20, 21, 22, 12, 13, 14, 15, 16], [18, 19, 20, 21, 22, 12, 13, 14, 15, 16, 17, 7, 8, 9, 10, 11, 1, 2, 3, 4, 5, 6]];
cc:=[5, 1];
id:=878;
gen_vectors_as_perm:=[S!perm : perm in gen_vectors];
Append(~data, rec<RecFormat |  gen_vectors:=gen_vectors_as_perm, cc:=cc, genvec_id:=id>);

gen_vectors:=[[12, 13, 14, 15, 16, 17, 18, 19, 20, 21, 22, 1, 2, 3, 4, 5, 6, 7, 8, 9, 10, 11], [7, 8, 9, 10, 11, 1, 2, 3, 4, 5, 6, 18, 19, 20, 21, 22, 12, 13, 14, 15, 16, 17], [17, 18, 19, 20, 21, 22, 12, 13, 14, 15, 16, 6, 7, 8, 9, 10, 11, 1, 2, 3, 4, 5]];
cc:=[6, 1];
id:=890;
gen_vectors_as_perm:=[S!perm : perm in gen_vectors];
Append(~data, rec<RecFormat |  gen_vectors:=gen_vectors_as_perm, cc:=cc, genvec_id:=id>);

gen_vectors:=[[12, 13, 14, 15, 16, 17, 18, 19, 20, 21, 22, 1, 2, 3, 4, 5, 6, 7, 8, 9, 10, 11], [8, 9, 10, 11, 1, 2, 3, 4, 5, 6, 7, 19, 20, 21, 22, 12, 13, 14, 15, 16, 17, 18], [16, 17, 18, 19, 20, 21, 22, 12, 13, 14, 15, 5, 6, 7, 8, 9, 10, 11, 1, 2, 3, 4]];
cc:=[7, 1];
id:=903;
gen_vectors_as_perm:=[S!perm : perm in gen_vectors];
Append(~data, rec<RecFormat |  gen_vectors:=gen_vectors_as_perm, cc:=cc, genvec_id:=id>);

gen_vectors:=[[12, 13, 14, 15, 16, 17, 18, 19, 20, 21, 22, 1, 2, 3, 4, 5, 6, 7, 8, 9, 10, 11], [9, 10, 11, 1, 2, 3, 4, 5, 6, 7, 8, 20, 21, 22, 12, 13, 14, 15, 16, 17, 18, 19], [15, 16, 17, 18, 19, 20, 21, 22, 12, 13, 14, 4, 5, 6, 7, 8, 9, 10, 11, 1, 2, 3]];
cc:=[8, 1];
id:=912;
gen_vectors_as_perm:=[S!perm : perm in gen_vectors];
Append(~data, rec<RecFormat |  gen_vectors:=gen_vectors_as_perm, cc:=cc, genvec_id:=id>);

gen_vectors:=[[12, 13, 14, 15, 16, 17, 18, 19, 20, 21, 22, 1, 2, 3, 4, 5, 6, 7, 8, 9, 10, 11], [10, 11, 1, 2, 3, 4, 5, 6, 7, 8, 9, 21, 22, 12, 13, 14, 15, 16, 17, 18, 19, 20], [14, 15, 16, 17, 18, 19, 20, 21, 22, 12, 13, 3, 4, 5, 6, 7, 8, 9, 10, 11, 1, 2]];
cc:=[9, 1];
id:=920;
gen_vectors_as_perm:=[S!perm : perm in gen_vectors];
Append(~data, rec<RecFormat |  gen_vectors:=gen_vectors_as_perm, cc:=cc, genvec_id:=id>);

gen_vectors:=[[12, 13, 14, 15, 16, 17, 18, 19, 20, 21, 22, 1, 2, 3, 4, 5, 6, 7, 8, 9, 10, 11], [11, 1, 2, 3, 4, 5, 6, 7, 8, 9, 10, 22, 12, 13, 14, 15, 16, 17, 18, 19, 20, 21], [13, 14, 15, 16, 17, 18, 19, 20, 21, 22, 12, 2, 3, 4, 5, 6, 7, 8, 9, 10, 11, 1]];
cc:=[10, 1];
id:=923;
gen_vectors_as_perm:=[S!perm : perm in gen_vectors];
Append(~data, rec<RecFormat |  gen_vectors:=gen_vectors_as_perm, cc:=cc, genvec_id:=id>);

FindOrbits(G,signature,data,g0,label,g);


data:=[];
label:="5.16-6.0.4-8-8";
gp_id:=[16,6];
signature:=[0,4,8,8];

g0:=signature[1];
H:=SmallGroup(gp_id[1],gp_id[2]); n:=#H; LP:=[]; LG:=[g : g in H]; for i in [1..n] do x:=LG[i]; Tx:=[LG[j]*x : j in [1..n]]; permL:=[]; for j in [1..n] do for k in [1..n] do if Tx[j] eq LG[k] then permL[j]:=k; break; end if; end for; end for; Append(~LP,permL); end for; G:=PermutationGroup<n|LP>;
S:=Sym(gp_id[1]);

gen_vectors:=[[7, 8, 6, 5, 3, 4, 2, 1, 15, 16, 14, 13, 11, 12, 10, 9], [9, 10, 11, 12, 14, 13, 16, 15, 3, 4, 2, 1, 8, 7, 5, 6], [14, 13, 16, 15, 9, 10, 11, 12, 8, 7, 5, 6, 3, 4, 2, 1]];
cc:=[1, 1];
id:=789;
gen_vectors_as_perm:=[S!perm : perm in gen_vectors];
Append(~data, rec<RecFormat |  gen_vectors:=gen_vectors_as_perm, cc:=cc, genvec_id:=id>);

gen_vectors:=[[7, 8, 6, 5, 3, 4, 2, 1, 15, 16, 14, 13, 11, 12, 10, 9], [11, 12, 10, 9, 16, 15, 13, 14, 2, 1, 4, 3, 5, 6, 7, 8], [15, 16, 14, 13, 12, 11, 9, 10, 6, 5, 8, 7, 1, 2, 3, 4]];
cc:=[2, 1];
id:=818;
gen_vectors_as_perm:=[S!perm : perm in gen_vectors];
Append(~data, rec<RecFormat |  gen_vectors:=gen_vectors_as_perm, cc:=cc, genvec_id:=id>);

FindOrbits(G,signature,data,g0,label,g);


data:=[];
label:="5.4-2.0.2-2-2-2-2-2-2-2";
gp_id:=[4,2];
signature:=[0,2,2,2,2,2,2,2,2];

g0:=signature[1];
H:=SmallGroup(gp_id[1],gp_id[2]); n:=#H; LP:=[]; LG:=[g : g in H]; for i in [1..n] do x:=LG[i]; Tx:=[LG[j]*x : j in [1..n]]; permL:=[]; for j in [1..n] do for k in [1..n] do if Tx[j] eq LG[k] then permL[j]:=k; break; end if; end for; end for; Append(~LP,permL); end for; G:=PermutationGroup<n|LP>;
S:=Sym(gp_id[1]);

gen_vectors:=[[2, 1, 4, 3], [2, 1, 4, 3], [2, 1, 4, 3], [2, 1, 4, 3], [2, 1, 4, 3], [2, 1, 4, 3], [3, 4, 1, 2], [3, 4, 1, 2]];
cc:=[1, 1];
id:=1554;
gen_vectors_as_perm:=[S!perm : perm in gen_vectors];
Append(~data, rec<RecFormat |  gen_vectors:=gen_vectors_as_perm, cc:=cc, genvec_id:=id>);

gen_vectors:=[[2, 1, 4, 3], [2, 1, 4, 3], [2, 1, 4, 3], [2, 1, 4, 3], [2, 1, 4, 3], [2, 1, 4, 3], [4, 3, 2, 1], [4, 3, 2, 1]];
cc:=[2, 1];
id:=1555;
gen_vectors_as_perm:=[S!perm : perm in gen_vectors];
Append(~data, rec<RecFormat |  gen_vectors:=gen_vectors_as_perm, cc:=cc, genvec_id:=id>);

gen_vectors:=[[2, 1, 4, 3], [2, 1, 4, 3], [2, 1, 4, 3], [2, 1, 4, 3], [3, 4, 1, 2], [3, 4, 1, 2], [3, 4, 1, 2], [3, 4, 1, 2]];
cc:=[3, 1];
id:=1556;
gen_vectors_as_perm:=[S!perm : perm in gen_vectors];
Append(~data, rec<RecFormat |  gen_vectors:=gen_vectors_as_perm, cc:=cc, genvec_id:=id>);

gen_vectors:=[[2, 1, 4, 3], [2, 1, 4, 3], [2, 1, 4, 3], [2, 1, 4, 3], [3, 4, 1, 2], [3, 4, 1, 2], [4, 3, 2, 1], [4, 3, 2, 1]];
cc:=[4, 1];
id:=1557;
gen_vectors_as_perm:=[S!perm : perm in gen_vectors];
Append(~data, rec<RecFormat |  gen_vectors:=gen_vectors_as_perm, cc:=cc, genvec_id:=id>);

gen_vectors:=[[2, 1, 4, 3], [2, 1, 4, 3], [2, 1, 4, 3], [2, 1, 4, 3], [4, 3, 2, 1], [4, 3, 2, 1], [4, 3, 2, 1], [4, 3, 2, 1]];
cc:=[5, 1];
id:=1558;
gen_vectors_as_perm:=[S!perm : perm in gen_vectors];
Append(~data, rec<RecFormat |  gen_vectors:=gen_vectors_as_perm, cc:=cc, genvec_id:=id>);

gen_vectors:=[[2, 1, 4, 3], [2, 1, 4, 3], [3, 4, 1, 2], [3, 4, 1, 2], [3, 4, 1, 2], [3, 4, 1, 2], [3, 4, 1, 2], [3, 4, 1, 2]];
cc:=[6, 1];
id:=1559;
gen_vectors_as_perm:=[S!perm : perm in gen_vectors];
Append(~data, rec<RecFormat |  gen_vectors:=gen_vectors_as_perm, cc:=cc, genvec_id:=id>);

gen_vectors:=[[2, 1, 4, 3], [2, 1, 4, 3], [3, 4, 1, 2], [3, 4, 1, 2], [3, 4, 1, 2], [3, 4, 1, 2], [4, 3, 2, 1], [4, 3, 2, 1]];
cc:=[7, 1];
id:=1560;
gen_vectors_as_perm:=[S!perm : perm in gen_vectors];
Append(~data, rec<RecFormat |  gen_vectors:=gen_vectors_as_perm, cc:=cc, genvec_id:=id>);

gen_vectors:=[[2, 1, 4, 3], [2, 1, 4, 3], [3, 4, 1, 2], [3, 4, 1, 2], [4, 3, 2, 1], [4, 3, 2, 1], [4, 3, 2, 1], [4, 3, 2, 1]];
cc:=[8, 1];
id:=1561;
gen_vectors_as_perm:=[S!perm : perm in gen_vectors];
Append(~data, rec<RecFormat |  gen_vectors:=gen_vectors_as_perm, cc:=cc, genvec_id:=id>);

gen_vectors:=[[2, 1, 4, 3], [2, 1, 4, 3], [4, 3, 2, 1], [4, 3, 2, 1], [4, 3, 2, 1], [4, 3, 2, 1], [4, 3, 2, 1], [4, 3, 2, 1]];
cc:=[9, 1];
id:=1562;
gen_vectors_as_perm:=[S!perm : perm in gen_vectors];
Append(~data, rec<RecFormat |  gen_vectors:=gen_vectors_as_perm, cc:=cc, genvec_id:=id>);

gen_vectors:=[[3, 4, 1, 2], [3, 4, 1, 2], [3, 4, 1, 2], [3, 4, 1, 2], [3, 4, 1, 2], [3, 4, 1, 2], [4, 3, 2, 1], [4, 3, 2, 1]];
cc:=[10, 1];
id:=1563;
gen_vectors_as_perm:=[S!perm : perm in gen_vectors];
Append(~data, rec<RecFormat |  gen_vectors:=gen_vectors_as_perm, cc:=cc, genvec_id:=id>);

gen_vectors:=[[3, 4, 1, 2], [3, 4, 1, 2], [3, 4, 1, 2], [3, 4, 1, 2], [4, 3, 2, 1], [4, 3, 2, 1], [4, 3, 2, 1], [4, 3, 2, 1]];
cc:=[11, 1];
id:=1564;
gen_vectors_as_perm:=[S!perm : perm in gen_vectors];
Append(~data, rec<RecFormat |  gen_vectors:=gen_vectors_as_perm, cc:=cc, genvec_id:=id>);

gen_vectors:=[[3, 4, 1, 2], [3, 4, 1, 2], [4, 3, 2, 1], [4, 3, 2, 1], [4, 3, 2, 1], [4, 3, 2, 1], [4, 3, 2, 1], [4, 3, 2, 1]];
cc:=[12, 1];
id:=1565;
gen_vectors_as_perm:=[S!perm : perm in gen_vectors];
Append(~data, rec<RecFormat |  gen_vectors:=gen_vectors_as_perm, cc:=cc, genvec_id:=id>);

FindOrbits(G,signature,data,g0,label,g);


data:=[];
label:="5.8-2.0.2-2-2-4-4";
gp_id:=[8,2];
signature:=[0,2,2,2,4,4];

g0:=signature[1];
H:=SmallGroup(gp_id[1],gp_id[2]); n:=#H; LP:=[]; LG:=[g : g in H]; for i in [1..n] do x:=LG[i]; Tx:=[LG[j]*x : j in [1..n]]; permL:=[]; for j in [1..n] do for k in [1..n] do if Tx[j] eq LG[k] then permL[j]:=k; break; end if; end for; end for; Append(~LP,permL); end for; G:=PermutationGroup<n|LP>;
S:=Sym(gp_id[1]);

gen_vectors:=[[2, 1, 4, 3, 6, 5, 8, 7], [2, 1, 4, 3, 6, 5, 8, 7], [3, 4, 1, 2, 7, 8, 5, 6], [5, 6, 7, 8, 2, 1, 4, 3], [8, 7, 6, 5, 3, 4, 1, 2]];
cc:=[1, 1];
id:=1150;
gen_vectors_as_perm:=[S!perm : perm in gen_vectors];
Append(~data, rec<RecFormat |  gen_vectors:=gen_vectors_as_perm, cc:=cc, genvec_id:=id>);

gen_vectors:=[[2, 1, 4, 3, 6, 5, 8, 7], [2, 1, 4, 3, 6, 5, 8, 7], [3, 4, 1, 2, 7, 8, 5, 6], [6, 5, 8, 7, 1, 2, 3, 4], [7, 8, 5, 6, 4, 3, 2, 1]];
cc:=[2, 1];
id:=1192;
gen_vectors_as_perm:=[S!perm : perm in gen_vectors];
Append(~data, rec<RecFormat |  gen_vectors:=gen_vectors_as_perm, cc:=cc, genvec_id:=id>);

gen_vectors:=[[2, 1, 4, 3, 6, 5, 8, 7], [2, 1, 4, 3, 6, 5, 8, 7], [4, 3, 2, 1, 8, 7, 6, 5], [5, 6, 7, 8, 2, 1, 4, 3], [7, 8, 5, 6, 4, 3, 2, 1]];
cc:=[3, 1];
id:=1224;
gen_vectors_as_perm:=[S!perm : perm in gen_vectors];
Append(~data, rec<RecFormat |  gen_vectors:=gen_vectors_as_perm, cc:=cc, genvec_id:=id>);

gen_vectors:=[[2, 1, 4, 3, 6, 5, 8, 7], [2, 1, 4, 3, 6, 5, 8, 7], [4, 3, 2, 1, 8, 7, 6, 5], [6, 5, 8, 7, 1, 2, 3, 4], [8, 7, 6, 5, 3, 4, 1, 2]];
cc:=[4, 1];
id:=1237;
gen_vectors_as_perm:=[S!perm : perm in gen_vectors];
Append(~data, rec<RecFormat |  gen_vectors:=gen_vectors_as_perm, cc:=cc, genvec_id:=id>);

gen_vectors:=[[2, 1, 4, 3, 6, 5, 8, 7], [3, 4, 1, 2, 7, 8, 5, 6], [3, 4, 1, 2, 7, 8, 5, 6], [5, 6, 7, 8, 2, 1, 4, 3], [5, 6, 7, 8, 2, 1, 4, 3]];
cc:=[5, 1];
id:=1241;
gen_vectors_as_perm:=[S!perm : perm in gen_vectors];
Append(~data, rec<RecFormat |  gen_vectors:=gen_vectors_as_perm, cc:=cc, genvec_id:=id>);

gen_vectors:=[[2, 1, 4, 3, 6, 5, 8, 7], [3, 4, 1, 2, 7, 8, 5, 6], [3, 4, 1, 2, 7, 8, 5, 6], [6, 5, 8, 7, 1, 2, 3, 4], [6, 5, 8, 7, 1, 2, 3, 4]];
cc:=[6, 1];
id:=1245;
gen_vectors_as_perm:=[S!perm : perm in gen_vectors];
Append(~data, rec<RecFormat |  gen_vectors:=gen_vectors_as_perm, cc:=cc, genvec_id:=id>);

gen_vectors:=[[2, 1, 4, 3, 6, 5, 8, 7], [3, 4, 1, 2, 7, 8, 5, 6], [3, 4, 1, 2, 7, 8, 5, 6], [7, 8, 5, 6, 4, 3, 2, 1], [7, 8, 5, 6, 4, 3, 2, 1]];
cc:=[7, 1];
id:=1249;
gen_vectors_as_perm:=[S!perm : perm in gen_vectors];
Append(~data, rec<RecFormat |  gen_vectors:=gen_vectors_as_perm, cc:=cc, genvec_id:=id>);

gen_vectors:=[[2, 1, 4, 3, 6, 5, 8, 7], [3, 4, 1, 2, 7, 8, 5, 6], [3, 4, 1, 2, 7, 8, 5, 6], [8, 7, 6, 5, 3, 4, 1, 2], [8, 7, 6, 5, 3, 4, 1, 2]];
cc:=[8, 1];
id:=1253;
gen_vectors_as_perm:=[S!perm : perm in gen_vectors];
Append(~data, rec<RecFormat |  gen_vectors:=gen_vectors_as_perm, cc:=cc, genvec_id:=id>);

gen_vectors:=[[2, 1, 4, 3, 6, 5, 8, 7], [3, 4, 1, 2, 7, 8, 5, 6], [4, 3, 2, 1, 8, 7, 6, 5], [5, 6, 7, 8, 2, 1, 4, 3], [6, 5, 8, 7, 1, 2, 3, 4]];
cc:=[9, 1];
id:=1257;
gen_vectors_as_perm:=[S!perm : perm in gen_vectors];
Append(~data, rec<RecFormat |  gen_vectors:=gen_vectors_as_perm, cc:=cc, genvec_id:=id>);

gen_vectors:=[[2, 1, 4, 3, 6, 5, 8, 7], [3, 4, 1, 2, 7, 8, 5, 6], [4, 3, 2, 1, 8, 7, 6, 5], [7, 8, 5, 6, 4, 3, 2, 1], [8, 7, 6, 5, 3, 4, 1, 2]];
cc:=[10, 1];
id:=1261;
gen_vectors_as_perm:=[S!perm : perm in gen_vectors];
Append(~data, rec<RecFormat |  gen_vectors:=gen_vectors_as_perm, cc:=cc, genvec_id:=id>);

gen_vectors:=[[2, 1, 4, 3, 6, 5, 8, 7], [4, 3, 2, 1, 8, 7, 6, 5], [4, 3, 2, 1, 8, 7, 6, 5], [5, 6, 7, 8, 2, 1, 4, 3], [5, 6, 7, 8, 2, 1, 4, 3]];
cc:=[11, 1];
id:=1263;
gen_vectors_as_perm:=[S!perm : perm in gen_vectors];
Append(~data, rec<RecFormat |  gen_vectors:=gen_vectors_as_perm, cc:=cc, genvec_id:=id>);

gen_vectors:=[[2, 1, 4, 3, 6, 5, 8, 7], [4, 3, 2, 1, 8, 7, 6, 5], [4, 3, 2, 1, 8, 7, 6, 5], [6, 5, 8, 7, 1, 2, 3, 4], [6, 5, 8, 7, 1, 2, 3, 4]];
cc:=[12, 1];
id:=1265;
gen_vectors_as_perm:=[S!perm : perm in gen_vectors];
Append(~data, rec<RecFormat |  gen_vectors:=gen_vectors_as_perm, cc:=cc, genvec_id:=id>);

gen_vectors:=[[2, 1, 4, 3, 6, 5, 8, 7], [4, 3, 2, 1, 8, 7, 6, 5], [4, 3, 2, 1, 8, 7, 6, 5], [7, 8, 5, 6, 4, 3, 2, 1], [7, 8, 5, 6, 4, 3, 2, 1]];
cc:=[13, 1];
id:=1267;
gen_vectors_as_perm:=[S!perm : perm in gen_vectors];
Append(~data, rec<RecFormat |  gen_vectors:=gen_vectors_as_perm, cc:=cc, genvec_id:=id>);

gen_vectors:=[[2, 1, 4, 3, 6, 5, 8, 7], [4, 3, 2, 1, 8, 7, 6, 5], [4, 3, 2, 1, 8, 7, 6, 5], [8, 7, 6, 5, 3, 4, 1, 2], [8, 7, 6, 5, 3, 4, 1, 2]];
cc:=[14, 1];
id:=1269;
gen_vectors_as_perm:=[S!perm : perm in gen_vectors];
Append(~data, rec<RecFormat |  gen_vectors:=gen_vectors_as_perm, cc:=cc, genvec_id:=id>);

gen_vectors:=[[3, 4, 1, 2, 7, 8, 5, 6], [3, 4, 1, 2, 7, 8, 5, 6], [3, 4, 1, 2, 7, 8, 5, 6], [5, 6, 7, 8, 2, 1, 4, 3], [8, 7, 6, 5, 3, 4, 1, 2]];
cc:=[15, 1];
id:=1271;
gen_vectors_as_perm:=[S!perm : perm in gen_vectors];
Append(~data, rec<RecFormat |  gen_vectors:=gen_vectors_as_perm, cc:=cc, genvec_id:=id>);

gen_vectors:=[[3, 4, 1, 2, 7, 8, 5, 6], [3, 4, 1, 2, 7, 8, 5, 6], [3, 4, 1, 2, 7, 8, 5, 6], [6, 5, 8, 7, 1, 2, 3, 4], [7, 8, 5, 6, 4, 3, 2, 1]];
cc:=[16, 1];
id:=1273;
gen_vectors_as_perm:=[S!perm : perm in gen_vectors];
Append(~data, rec<RecFormat |  gen_vectors:=gen_vectors_as_perm, cc:=cc, genvec_id:=id>);

gen_vectors:=[[3, 4, 1, 2, 7, 8, 5, 6], [3, 4, 1, 2, 7, 8, 5, 6], [4, 3, 2, 1, 8, 7, 6, 5], [5, 6, 7, 8, 2, 1, 4, 3], [7, 8, 5, 6, 4, 3, 2, 1]];
cc:=[17, 1];
id:=1275;
gen_vectors_as_perm:=[S!perm : perm in gen_vectors];
Append(~data, rec<RecFormat |  gen_vectors:=gen_vectors_as_perm, cc:=cc, genvec_id:=id>);

gen_vectors:=[[3, 4, 1, 2, 7, 8, 5, 6], [3, 4, 1, 2, 7, 8, 5, 6], [4, 3, 2, 1, 8, 7, 6, 5], [6, 5, 8, 7, 1, 2, 3, 4], [8, 7, 6, 5, 3, 4, 1, 2]];
cc:=[18, 1];
id:=1277;
gen_vectors_as_perm:=[S!perm : perm in gen_vectors];
Append(~data, rec<RecFormat |  gen_vectors:=gen_vectors_as_perm, cc:=cc, genvec_id:=id>);

gen_vectors:=[[3, 4, 1, 2, 7, 8, 5, 6], [4, 3, 2, 1, 8, 7, 6, 5], [4, 3, 2, 1, 8, 7, 6, 5], [5, 6, 7, 8, 2, 1, 4, 3], [8, 7, 6, 5, 3, 4, 1, 2]];
cc:=[19, 1];
id:=1279;
gen_vectors_as_perm:=[S!perm : perm in gen_vectors];
Append(~data, rec<RecFormat |  gen_vectors:=gen_vectors_as_perm, cc:=cc, genvec_id:=id>);

gen_vectors:=[[3, 4, 1, 2, 7, 8, 5, 6], [4, 3, 2, 1, 8, 7, 6, 5], [4, 3, 2, 1, 8, 7, 6, 5], [6, 5, 8, 7, 1, 2, 3, 4], [7, 8, 5, 6, 4, 3, 2, 1]];
cc:=[20, 1];
id:=1281;
gen_vectors_as_perm:=[S!perm : perm in gen_vectors];
Append(~data, rec<RecFormat |  gen_vectors:=gen_vectors_as_perm, cc:=cc, genvec_id:=id>);

gen_vectors:=[[4, 3, 2, 1, 8, 7, 6, 5], [4, 3, 2, 1, 8, 7, 6, 5], [4, 3, 2, 1, 8, 7, 6, 5], [5, 6, 7, 8, 2, 1, 4, 3], [7, 8, 5, 6, 4, 3, 2, 1]];
cc:=[21, 1];
id:=1283;
gen_vectors_as_perm:=[S!perm : perm in gen_vectors];
Append(~data, rec<RecFormat |  gen_vectors:=gen_vectors_as_perm, cc:=cc, genvec_id:=id>);

gen_vectors:=[[4, 3, 2, 1, 8, 7, 6, 5], [4, 3, 2, 1, 8, 7, 6, 5], [4, 3, 2, 1, 8, 7, 6, 5], [6, 5, 8, 7, 1, 2, 3, 4], [8, 7, 6, 5, 3, 4, 1, 2]];
cc:=[22, 1];
id:=1285;
gen_vectors_as_perm:=[S!perm : perm in gen_vectors];
Append(~data, rec<RecFormat |  gen_vectors:=gen_vectors_as_perm, cc:=cc, genvec_id:=id>);

FindOrbits(G,signature,data,g0,label,g);


data:=[];
label:="5.24-13.0.2-2-3-3";
gp_id:=[24,13];
signature:=[0,2,2,3,3];

g0:=signature[1];
H:=SmallGroup(gp_id[1],gp_id[2]); n:=#H; LP:=[]; LG:=[g : g in H]; for i in [1..n] do x:=LG[i]; Tx:=[LG[j]*x : j in [1..n]]; permL:=[]; for j in [1..n] do for k in [1..n] do if Tx[j] eq LG[k] then permL[j]:=k; break; end if; end for; end for; Append(~LP,permL); end for; G:=PermutationGroup<n|LP>;
S:=Sym(gp_id[1]);

gen_vectors:=[[13, 14, 15, 16, 17, 18, 19, 20, 21, 22, 23, 24, 1, 2, 3, 4, 5, 6, 7, 8, 9, 10, 11, 12], [14, 13, 16, 15, 18, 17, 20, 19, 22, 21, 24, 23, 2, 1, 4, 3, 6, 5, 8, 7, 10, 9, 12, 11], [5, 8, 6, 7, 9, 12, 10, 11, 1, 4, 2, 3, 17, 20, 18, 19, 21, 24, 22, 23, 13, 16, 14, 15], [10, 12, 11, 9, 2, 4, 3, 1, 6, 8, 7, 5, 22, 24, 23, 21, 14, 16, 15, 13, 18, 20, 19, 17]];
cc:=[1, 1];
id:=946;
gen_vectors_as_perm:=[S!perm : perm in gen_vectors];
Append(~data, rec<RecFormat |  gen_vectors:=gen_vectors_as_perm, cc:=cc, genvec_id:=id>);

gen_vectors:=[[14, 13, 16, 15, 18, 17, 20, 19, 22, 21, 24, 23, 2, 1, 4, 3, 6, 5, 8, 7, 10, 9, 12, 11], [14, 13, 16, 15, 18, 17, 20, 19, 22, 21, 24, 23, 2, 1, 4, 3, 6, 5, 8, 7, 10, 9, 12, 11], [5, 8, 6, 7, 9, 12, 10, 11, 1, 4, 2, 3, 17, 20, 18, 19, 21, 24, 22, 23, 13, 16, 14, 15], [9, 11, 12, 10, 1, 3, 4, 2, 5, 7, 8, 6, 21, 23, 24, 22, 13, 15, 16, 14, 17, 19, 20, 18]];
cc:=[2, 1];
id:=1007;
gen_vectors_as_perm:=[S!perm : perm in gen_vectors];
Append(~data, rec<RecFormat |  gen_vectors:=gen_vectors_as_perm, cc:=cc, genvec_id:=id>);

gen_vectors:=[[14, 13, 16, 15, 18, 17, 20, 19, 22, 21, 24, 23, 2, 1, 4, 3, 6, 5, 8, 7, 10, 9, 12, 11], [16, 15, 14, 13, 20, 19, 18, 17, 24, 23, 22, 21, 4, 3, 2, 1, 8, 7, 6, 5, 12, 11, 10, 9], [5, 8, 6, 7, 9, 12, 10, 11, 1, 4, 2, 3, 17, 20, 18, 19, 21, 24, 22, 23, 13, 16, 14, 15], [11, 9, 10, 12, 3, 1, 2, 4, 7, 5, 6, 8, 23, 21, 22, 24, 15, 13, 14, 16, 19, 17, 18, 20]];
cc:=[2, 2];
id:=1017;
gen_vectors_as_perm:=[S!perm : perm in gen_vectors];
Append(~data, rec<RecFormat |  gen_vectors:=gen_vectors_as_perm, cc:=cc, genvec_id:=id>);

gen_vectors:=[[14, 13, 16, 15, 18, 17, 20, 19, 22, 21, 24, 23, 2, 1, 4, 3, 6, 5, 8, 7, 10, 9, 12, 11], [15, 16, 13, 14, 19, 20, 17, 18, 23, 24, 21, 22, 3, 4, 1, 2, 7, 8, 5, 6, 11, 12, 9, 10], [5, 8, 6, 7, 9, 12, 10, 11, 1, 4, 2, 3, 17, 20, 18, 19, 21, 24, 22, 23, 13, 16, 14, 15], [12, 10, 9, 11, 4, 2, 1, 3, 8, 6, 5, 7, 24, 22, 21, 23, 16, 14, 13, 15, 20, 18, 17, 19]];
cc:=[2, 3];
id:=1018;
gen_vectors_as_perm:=[S!perm : perm in gen_vectors];
Append(~data, rec<RecFormat |  gen_vectors:=gen_vectors_as_perm, cc:=cc, genvec_id:=id>);

FindOrbits(G,signature,data,g0,label,g);


data:=[];
label:="5.12-5.0.2-2-6-6";
gp_id:=[12,5];
signature:=[0,2,2,6,6];

g0:=signature[1];
H:=SmallGroup(gp_id[1],gp_id[2]); n:=#H; LP:=[]; LG:=[g : g in H]; for i in [1..n] do x:=LG[i]; Tx:=[LG[j]*x : j in [1..n]]; permL:=[]; for j in [1..n] do for k in [1..n] do if Tx[j] eq LG[k] then permL[j]:=k; break; end if; end for; end for; Append(~LP,permL); end for; G:=PermutationGroup<n|LP>;
S:=Sym(gp_id[1]);

gen_vectors:=[[4, 5, 6, 1, 2, 3, 10, 11, 12, 7, 8, 9], [4, 5, 6, 1, 2, 3, 10, 11, 12, 7, 8, 9], [8, 9, 7, 11, 12, 10, 2, 3, 1, 5, 6, 4], [9, 7, 8, 12, 10, 11, 3, 1, 2, 6, 4, 5]];
cc:=[1, 1];
id:=956;
gen_vectors_as_perm:=[S!perm : perm in gen_vectors];
Append(~data, rec<RecFormat |  gen_vectors:=gen_vectors_as_perm, cc:=cc, genvec_id:=id>);

gen_vectors:=[[4, 5, 6, 1, 2, 3, 10, 11, 12, 7, 8, 9], [4, 5, 6, 1, 2, 3, 10, 11, 12, 7, 8, 9], [11, 12, 10, 8, 9, 7, 5, 6, 4, 2, 3, 1], [12, 10, 11, 9, 7, 8, 6, 4, 5, 3, 1, 2]];
cc:=[2, 1];
id:=1003;
gen_vectors_as_perm:=[S!perm : perm in gen_vectors];
Append(~data, rec<RecFormat |  gen_vectors:=gen_vectors_as_perm, cc:=cc, genvec_id:=id>);

gen_vectors:=[[4, 5, 6, 1, 2, 3, 10, 11, 12, 7, 8, 9], [7, 8, 9, 10, 11, 12, 1, 2, 3, 4, 5, 6], [5, 6, 4, 2, 3, 1, 11, 12, 10, 8, 9, 7], [9, 7, 8, 12, 10, 11, 3, 1, 2, 6, 4, 5]];
cc:=[3, 1];
id:=1026;
gen_vectors_as_perm:=[S!perm : perm in gen_vectors];
Append(~data, rec<RecFormat |  gen_vectors:=gen_vectors_as_perm, cc:=cc, genvec_id:=id>);

gen_vectors:=[[4, 5, 6, 1, 2, 3, 10, 11, 12, 7, 8, 9], [7, 8, 9, 10, 11, 12, 1, 2, 3, 4, 5, 6], [6, 4, 5, 3, 1, 2, 12, 10, 11, 9, 7, 8], [8, 9, 7, 11, 12, 10, 2, 3, 1, 5, 6, 4]];
cc:=[4, 1];
id:=1040;
gen_vectors_as_perm:=[S!perm : perm in gen_vectors];
Append(~data, rec<RecFormat |  gen_vectors:=gen_vectors_as_perm, cc:=cc, genvec_id:=id>);

gen_vectors:=[[4, 5, 6, 1, 2, 3, 10, 11, 12, 7, 8, 9], [10, 11, 12, 7, 8, 9, 4, 5, 6, 1, 2, 3], [5, 6, 4, 2, 3, 1, 11, 12, 10, 8, 9, 7], [12, 10, 11, 9, 7, 8, 6, 4, 5, 3, 1, 2]];
cc:=[5, 1];
id:=1049;
gen_vectors_as_perm:=[S!perm : perm in gen_vectors];
Append(~data, rec<RecFormat |  gen_vectors:=gen_vectors_as_perm, cc:=cc, genvec_id:=id>);

gen_vectors:=[[4, 5, 6, 1, 2, 3, 10, 11, 12, 7, 8, 9], [10, 11, 12, 7, 8, 9, 4, 5, 6, 1, 2, 3], [6, 4, 5, 3, 1, 2, 12, 10, 11, 9, 7, 8], [11, 12, 10, 8, 9, 7, 5, 6, 4, 2, 3, 1]];
cc:=[6, 1];
id:=1057;
gen_vectors_as_perm:=[S!perm : perm in gen_vectors];
Append(~data, rec<RecFormat |  gen_vectors:=gen_vectors_as_perm, cc:=cc, genvec_id:=id>);

gen_vectors:=[[7, 8, 9, 10, 11, 12, 1, 2, 3, 4, 5, 6], [7, 8, 9, 10, 11, 12, 1, 2, 3, 4, 5, 6], [5, 6, 4, 2, 3, 1, 11, 12, 10, 8, 9, 7], [6, 4, 5, 3, 1, 2, 12, 10, 11, 9, 7, 8]];
cc:=[7, 1];
id:=1063;
gen_vectors_as_perm:=[S!perm : perm in gen_vectors];
Append(~data, rec<RecFormat |  gen_vectors:=gen_vectors_as_perm, cc:=cc, genvec_id:=id>);

gen_vectors:=[[7, 8, 9, 10, 11, 12, 1, 2, 3, 4, 5, 6], [7, 8, 9, 10, 11, 12, 1, 2, 3, 4, 5, 6], [11, 12, 10, 8, 9, 7, 5, 6, 4, 2, 3, 1], [12, 10, 11, 9, 7, 8, 6, 4, 5, 3, 1, 2]];
cc:=[8, 1];
id:=1069;
gen_vectors_as_perm:=[S!perm : perm in gen_vectors];
Append(~data, rec<RecFormat |  gen_vectors:=gen_vectors_as_perm, cc:=cc, genvec_id:=id>);

gen_vectors:=[[7, 8, 9, 10, 11, 12, 1, 2, 3, 4, 5, 6], [10, 11, 12, 7, 8, 9, 4, 5, 6, 1, 2, 3], [8, 9, 7, 11, 12, 10, 2, 3, 1, 5, 6, 4], [12, 10, 11, 9, 7, 8, 6, 4, 5, 3, 1, 2]];
cc:=[9, 1];
id:=1075;
gen_vectors_as_perm:=[S!perm : perm in gen_vectors];
Append(~data, rec<RecFormat |  gen_vectors:=gen_vectors_as_perm, cc:=cc, genvec_id:=id>);

gen_vectors:=[[7, 8, 9, 10, 11, 12, 1, 2, 3, 4, 5, 6], [10, 11, 12, 7, 8, 9, 4, 5, 6, 1, 2, 3], [9, 7, 8, 12, 10, 11, 3, 1, 2, 6, 4, 5], [11, 12, 10, 8, 9, 7, 5, 6, 4, 2, 3, 1]];
cc:=[10, 1];
id:=1081;
gen_vectors_as_perm:=[S!perm : perm in gen_vectors];
Append(~data, rec<RecFormat |  gen_vectors:=gen_vectors_as_perm, cc:=cc, genvec_id:=id>);

gen_vectors:=[[10, 11, 12, 7, 8, 9, 4, 5, 6, 1, 2, 3], [10, 11, 12, 7, 8, 9, 4, 5, 6, 1, 2, 3], [5, 6, 4, 2, 3, 1, 11, 12, 10, 8, 9, 7], [6, 4, 5, 3, 1, 2, 12, 10, 11, 9, 7, 8]];
cc:=[11, 1];
id:=1087;
gen_vectors_as_perm:=[S!perm : perm in gen_vectors];
Append(~data, rec<RecFormat |  gen_vectors:=gen_vectors_as_perm, cc:=cc, genvec_id:=id>);

gen_vectors:=[[10, 11, 12, 7, 8, 9, 4, 5, 6, 1, 2, 3], [10, 11, 12, 7, 8, 9, 4, 5, 6, 1, 2, 3], [8, 9, 7, 11, 12, 10, 2, 3, 1, 5, 6, 4], [9, 7, 8, 12, 10, 11, 3, 1, 2, 6, 4, 5]];
cc:=[12, 1];
id:=1093;
gen_vectors_as_perm:=[S!perm : perm in gen_vectors];
Append(~data, rec<RecFormat |  gen_vectors:=gen_vectors_as_perm, cc:=cc, genvec_id:=id>);

FindOrbits(G,signature,data,g0,label,g);


data:=[];
label:="5.48-14.0.2-4-12";
gp_id:=[48,14];
signature:=[0,2,4,12];

g0:=signature[1];
H:=SmallGroup(gp_id[1],gp_id[2]); n:=#H; LP:=[]; LG:=[g : g in H]; for i in [1..n] do x:=LG[i]; Tx:=[LG[j]*x : j in [1..n]]; permL:=[]; for j in [1..n] do for k in [1..n] do if Tx[j] eq LG[k] then permL[j]:=k; break; end if; end for; end for; Append(~LP,permL); end for; G:=PermutationGroup<n|LP>;
S:=Sym(gp_id[1]);

gen_vectors:=[[25, 27, 26, 28, 30, 29, 31, 33, 32, 34, 36, 35, 40, 42, 41, 37, 39, 38, 46, 48, 47, 43, 45, 44, 1, 3, 2, 4, 6, 5, 7, 9, 8, 10, 12, 11, 16, 18, 17, 13, 15, 14, 22, 24, 23, 19, 21, 20], [39, 38, 37, 42, 41, 40, 45, 44, 43, 48, 47, 46, 36, 35, 34, 33, 32, 31, 30, 29, 28, 27, 26, 25, 15, 14, 13, 18, 17, 16, 21, 20, 19, 24, 23, 22, 12, 11, 10, 9, 8, 7, 6, 5, 4, 3, 2, 1], [20, 21, 19, 23, 24, 22, 14, 15, 13, 17, 18, 16, 2, 3, 1, 5, 6, 4, 8, 9, 7, 11, 12, 10, 44, 45, 43, 47, 48, 46, 38, 39, 37, 41, 42, 40, 26, 27, 25, 29, 30, 28, 32, 33, 31, 35, 36, 34]];
cc:=[1, 1];
id:=779;
gen_vectors_as_perm:=[S!perm : perm in gen_vectors];
Append(~data, rec<RecFormat |  gen_vectors:=gen_vectors_as_perm, cc:=cc, genvec_id:=id>);

gen_vectors:=[[25, 27, 26, 28, 30, 29, 31, 33, 32, 34, 36, 35, 40, 42, 41, 37, 39, 38, 46, 48, 47, 43, 45, 44, 1, 3, 2, 4, 6, 5, 7, 9, 8, 10, 12, 11, 16, 18, 17, 13, 15, 14, 22, 24, 23, 19, 21, 20], [38, 37, 39, 41, 40, 42, 44, 43, 45, 47, 46, 48, 35, 34, 36, 32, 31, 33, 29, 28, 30, 26, 25, 27, 14, 13, 15, 17, 16, 18, 20, 19, 21, 23, 22, 24, 11, 10, 12, 8, 7, 9, 5, 4, 6, 2, 1, 3], [21, 19, 20, 24, 22, 23, 15, 13, 14, 18, 16, 17, 3, 1, 2, 6, 4, 5, 9, 7, 8, 12, 10, 11, 45, 43, 44, 48, 46, 47, 39, 37, 38, 42, 40, 41, 27, 25, 26, 30, 28, 29, 33, 31, 32, 36, 34, 35]];
cc:=[2, 1];
id:=809;
gen_vectors_as_perm:=[S!perm : perm in gen_vectors];
Append(~data, rec<RecFormat |  gen_vectors:=gen_vectors_as_perm, cc:=cc, genvec_id:=id>);

gen_vectors:=[[25, 27, 26, 28, 30, 29, 31, 33, 32, 34, 36, 35, 40, 42, 41, 37, 39, 38, 46, 48, 47, 43, 45, 44, 1, 3, 2, 4, 6, 5, 7, 9, 8, 10, 12, 11, 16, 18, 17, 13, 15, 14, 22, 24, 23, 19, 21, 20], [47, 46, 48, 44, 43, 45, 41, 40, 42, 38, 37, 39, 26, 25, 27, 29, 28, 30, 32, 31, 33, 35, 34, 36, 23, 22, 24, 20, 19, 21, 17, 16, 18, 14, 13, 15, 2, 1, 3, 5, 4, 6, 8, 7, 9, 11, 10, 12], [18, 16, 17, 15, 13, 14, 24, 22, 23, 21, 19, 20, 12, 10, 11, 9, 7, 8, 6, 4, 5, 3, 1, 2, 42, 40, 41, 39, 37, 38, 48, 46, 47, 45, 43, 44, 36, 34, 35, 33, 31, 32, 30, 28, 29, 27, 25, 26]];
cc:=[3, 1];
id:=837;
gen_vectors_as_perm:=[S!perm : perm in gen_vectors];
Append(~data, rec<RecFormat |  gen_vectors:=gen_vectors_as_perm, cc:=cc, genvec_id:=id>);

