load "orbits";
g:=7;
RecFormat:=recformat<gen_vectors,cc, genvec_id,brd_id, top_id>;

data:=[];
label:="7.21-2.0.3-21-21";
gp_id:=[21,2];
signature:=[0,3,21,21];

g0:=signature[1];
H:=SmallGroup(gp_id[1],gp_id[2]); n:=#H; LP:=[]; LG:=[g : g in H]; for i in [1..n] do x:=LG[i]; Tx:=[LG[j]*x : j in [1..n]]; permL:=[]; for j in [1..n] do for k in [1..n] do if Tx[j] eq LG[k] then permL[j]:=k; break; end if; end for; end for; Append(~LP,permL); end for; G:=PermutationGroup<n|LP>;
S:=Sym(gp_id[1]);

gen_vectors:=[[8, 9, 10, 11, 12, 13, 14, 15, 16, 17, 18, 19, 20, 21, 1, 2, 3, 4, 5, 6, 7], [9, 10, 11, 12, 13, 14, 8, 16, 17, 18, 19, 20, 21, 15, 2, 3, 4, 5, 6, 7, 1], [14, 8, 9, 10, 11, 12, 13, 21, 15, 16, 17, 18, 19, 20, 7, 1, 2, 3, 4, 5, 6]];
cc:=[1, 1];
id:=2486;
gen_vectors_as_perm:=[S!perm : perm in gen_vectors];
Append(~data, rec<RecFormat |  gen_vectors:=gen_vectors_as_perm, cc:=cc, genvec_id:=id>);

gen_vectors:=[[8, 9, 10, 11, 12, 13, 14, 15, 16, 17, 18, 19, 20, 21, 1, 2, 3, 4, 5, 6, 7], [12, 13, 14, 8, 9, 10, 11, 19, 20, 21, 15, 16, 17, 18, 5, 6, 7, 1, 2, 3, 4], [11, 12, 13, 14, 8, 9, 10, 18, 19, 20, 21, 15, 16, 17, 4, 5, 6, 7, 1, 2, 3]];
cc:=[2, 1];
id:=2518;
gen_vectors_as_perm:=[S!perm : perm in gen_vectors];
Append(~data, rec<RecFormat |  gen_vectors:=gen_vectors_as_perm, cc:=cc, genvec_id:=id>);

gen_vectors:=[[8, 9, 10, 11, 12, 13, 14, 15, 16, 17, 18, 19, 20, 21, 1, 2, 3, 4, 5, 6, 7], [10, 11, 12, 13, 14, 8, 9, 17, 18, 19, 20, 21, 15, 16, 3, 4, 5, 6, 7, 1, 2], [13, 14, 8, 9, 10, 11, 12, 20, 21, 15, 16, 17, 18, 19, 6, 7, 1, 2, 3, 4, 5]];
cc:=[3, 1];
id:=2549;
gen_vectors_as_perm:=[S!perm : perm in gen_vectors];
Append(~data, rec<RecFormat |  gen_vectors:=gen_vectors_as_perm, cc:=cc, genvec_id:=id>);

gen_vectors:=[[15, 16, 17, 18, 19, 20, 21, 1, 2, 3, 4, 5, 6, 7, 8, 9, 10, 11, 12, 13, 14], [17, 18, 19, 20, 21, 15, 16, 3, 4, 5, 6, 7, 1, 2, 10, 11, 12, 13, 14, 8, 9], [20, 21, 15, 16, 17, 18, 19, 6, 7, 1, 2, 3, 4, 5, 13, 14, 8, 9, 10, 11, 12]];
cc:=[4, 1];
id:=2578;
gen_vectors_as_perm:=[S!perm : perm in gen_vectors];
Append(~data, rec<RecFormat |  gen_vectors:=gen_vectors_as_perm, cc:=cc, genvec_id:=id>);

gen_vectors:=[[15, 16, 17, 18, 19, 20, 21, 1, 2, 3, 4, 5, 6, 7, 8, 9, 10, 11, 12, 13, 14], [16, 17, 18, 19, 20, 21, 15, 2, 3, 4, 5, 6, 7, 1, 9, 10, 11, 12, 13, 14, 8], [21, 15, 16, 17, 18, 19, 20, 7, 1, 2, 3, 4, 5, 6, 14, 8, 9, 10, 11, 12, 13]];
cc:=[5, 1];
id:=2602;
gen_vectors_as_perm:=[S!perm : perm in gen_vectors];
Append(~data, rec<RecFormat |  gen_vectors:=gen_vectors_as_perm, cc:=cc, genvec_id:=id>);

gen_vectors:=[[15, 16, 17, 18, 19, 20, 21, 1, 2, 3, 4, 5, 6, 7, 8, 9, 10, 11, 12, 13, 14], [19, 20, 21, 15, 16, 17, 18, 5, 6, 7, 1, 2, 3, 4, 12, 13, 14, 8, 9, 10, 11], [18, 19, 20, 21, 15, 16, 17, 4, 5, 6, 7, 1, 2, 3, 11, 12, 13, 14, 8, 9, 10]];
cc:=[6, 1];
id:=2623;
gen_vectors_as_perm:=[S!perm : perm in gen_vectors];
Append(~data, rec<RecFormat |  gen_vectors:=gen_vectors_as_perm, cc:=cc, genvec_id:=id>);

FindOrbits(G,signature,data,g0,label,g);


data:=[];
label:="7.48-38.0.2-2-2-4";
gp_id:=[48,38];
signature:=[0,2,2,2,4];

g0:=signature[1];
H:=SmallGroup(gp_id[1],gp_id[2]); n:=#H; LP:=[]; LG:=[g : g in H]; for i in [1..n] do x:=LG[i]; Tx:=[LG[j]*x : j in [1..n]]; permL:=[]; for j in [1..n] do for k in [1..n] do if Tx[j] eq LG[k] then permL[j]:=k; break; end if; end for; end for; Append(~LP,permL); end for; G:=PermutationGroup<n|LP>;
S:=Sym(gp_id[1]);

gen_vectors:=[[25, 27, 26, 28, 30, 29, 31, 33, 32, 34, 36, 35, 37, 39, 38, 40, 42, 41, 43, 45, 44, 46, 48, 47, 1, 3, 2, 4, 6, 5, 7, 9, 8, 10, 12, 11, 13, 15, 14, 16, 18, 17, 19, 21, 20, 22, 24, 23], [31, 33, 32, 34, 36, 35, 25, 27, 26, 28, 30, 29, 43, 45, 44, 46, 48, 47, 37, 39, 38, 40, 42, 41, 7, 9, 8, 10, 12, 11, 1, 3, 2, 4, 6, 5, 19, 21, 20, 22, 24, 23, 13, 15, 14, 16, 18, 17], [39, 38, 37, 42, 41, 40, 48, 47, 46, 45, 44, 43, 27, 26, 25, 30, 29, 28, 36, 35, 34, 33, 32, 31, 15, 14, 13, 18, 17, 16, 24, 23, 22, 21, 20, 19, 3, 2, 1, 6, 5, 4, 12, 11, 10, 9, 8, 7], [45, 44, 43, 48, 47, 46, 42, 41, 40, 39, 38, 37, 33, 32, 31, 36, 35, 34, 30, 29, 28, 27, 26, 25, 21, 20, 19, 24, 23, 22, 18, 17, 16, 15, 14, 13, 9, 8, 7, 12, 11, 10, 6, 5, 4, 3, 2, 1]];
cc:=[1, 1];
id:=2773;
gen_vectors_as_perm:=[S!perm : perm in gen_vectors];
Append(~data, rec<RecFormat |  gen_vectors:=gen_vectors_as_perm, cc:=cc, genvec_id:=id>);

gen_vectors:=[[25, 27, 26, 28, 30, 29, 31, 33, 32, 34, 36, 35, 37, 39, 38, 40, 42, 41, 43, 45, 44, 46, 48, 47, 1, 3, 2, 4, 6, 5, 7, 9, 8, 10, 12, 11, 13, 15, 14, 16, 18, 17, 19, 21, 20, 22, 24, 23], [32, 31, 33, 35, 34, 36, 26, 25, 27, 29, 28, 30, 44, 43, 45, 47, 46, 48, 38, 37, 39, 41, 40, 42, 8, 7, 9, 11, 10, 12, 2, 1, 3, 5, 4, 6, 20, 19, 21, 23, 22, 24, 14, 13, 15, 17, 16, 18], [37, 39, 38, 40, 42, 41, 46, 48, 47, 43, 45, 44, 25, 27, 26, 28, 30, 29, 34, 36, 35, 31, 33, 32, 13, 15, 14, 16, 18, 17, 22, 24, 23, 19, 21, 20, 1, 3, 2, 4, 6, 5, 10, 12, 11, 7, 9, 8], [45, 44, 43, 48, 47, 46, 42, 41, 40, 39, 38, 37, 33, 32, 31, 36, 35, 34, 30, 29, 28, 27, 26, 25, 21, 20, 19, 24, 23, 22, 18, 17, 16, 15, 14, 13, 9, 8, 7, 12, 11, 10, 6, 5, 4, 3, 2, 1]];
cc:=[1, 2];
id:=2789;
gen_vectors_as_perm:=[S!perm : perm in gen_vectors];
Append(~data, rec<RecFormat |  gen_vectors:=gen_vectors_as_perm, cc:=cc, genvec_id:=id>);

gen_vectors:=[[25, 27, 26, 28, 30, 29, 31, 33, 32, 34, 36, 35, 37, 39, 38, 40, 42, 41, 43, 45, 44, 46, 48, 47, 1, 3, 2, 4, 6, 5, 7, 9, 8, 10, 12, 11, 13, 15, 14, 16, 18, 17, 19, 21, 20, 22, 24, 23], [32, 31, 33, 35, 34, 36, 26, 25, 27, 29, 28, 30, 44, 43, 45, 47, 46, 48, 38, 37, 39, 41, 40, 42, 8, 7, 9, 11, 10, 12, 2, 1, 3, 5, 4, 6, 20, 19, 21, 23, 22, 24, 14, 13, 15, 17, 16, 18], [39, 38, 37, 42, 41, 40, 48, 47, 46, 45, 44, 43, 27, 26, 25, 30, 29, 28, 36, 35, 34, 33, 32, 31, 15, 14, 13, 18, 17, 16, 24, 23, 22, 21, 20, 19, 3, 2, 1, 6, 5, 4, 12, 11, 10, 9, 8, 7], [44, 43, 45, 47, 46, 48, 41, 40, 42, 38, 37, 39, 32, 31, 33, 35, 34, 36, 29, 28, 30, 26, 25, 27, 20, 19, 21, 23, 22, 24, 17, 16, 18, 14, 13, 15, 8, 7, 9, 11, 10, 12, 5, 4, 6, 2, 1, 3]];
cc:=[1, 3];
id:=2800;
gen_vectors_as_perm:=[S!perm : perm in gen_vectors];
Append(~data, rec<RecFormat |  gen_vectors:=gen_vectors_as_perm, cc:=cc, genvec_id:=id>);

gen_vectors:=[[25, 27, 26, 28, 30, 29, 31, 33, 32, 34, 36, 35, 37, 39, 38, 40, 42, 41, 43, 45, 44, 46, 48, 47, 1, 3, 2, 4, 6, 5, 7, 9, 8, 10, 12, 11, 13, 15, 14, 16, 18, 17, 19, 21, 20, 22, 24, 23], [32, 31, 33, 35, 34, 36, 26, 25, 27, 29, 28, 30, 44, 43, 45, 47, 46, 48, 38, 37, 39, 41, 40, 42, 8, 7, 9, 11, 10, 12, 2, 1, 3, 5, 4, 6, 20, 19, 21, 23, 22, 24, 14, 13, 15, 17, 16, 18], [38, 37, 39, 41, 40, 42, 47, 46, 48, 44, 43, 45, 26, 25, 27, 29, 28, 30, 35, 34, 36, 32, 31, 33, 14, 13, 15, 17, 16, 18, 23, 22, 24, 20, 19, 21, 2, 1, 3, 5, 4, 6, 11, 10, 12, 8, 7, 9], [43, 45, 44, 46, 48, 47, 40, 42, 41, 37, 39, 38, 31, 33, 32, 34, 36, 35, 28, 30, 29, 25, 27, 26, 19, 21, 20, 22, 24, 23, 16, 18, 17, 13, 15, 14, 7, 9, 8, 10, 12, 11, 4, 6, 5, 1, 3, 2]];
cc:=[1, 4];
id:=2809;
gen_vectors_as_perm:=[S!perm : perm in gen_vectors];
Append(~data, rec<RecFormat |  gen_vectors:=gen_vectors_as_perm, cc:=cc, genvec_id:=id>);

gen_vectors:=[[28, 30, 29, 25, 27, 26, 34, 36, 35, 31, 33, 32, 40, 42, 41, 37, 39, 38, 46, 48, 47, 43, 45, 44, 4, 6, 5, 1, 3, 2, 10, 12, 11, 7, 9, 8, 16, 18, 17, 13, 15, 14, 22, 24, 23, 19, 21, 20], [31, 33, 32, 34, 36, 35, 25, 27, 26, 28, 30, 29, 43, 45, 44, 46, 48, 47, 37, 39, 38, 40, 42, 41, 7, 9, 8, 10, 12, 11, 1, 3, 2, 4, 6, 5, 19, 21, 20, 22, 24, 23, 13, 15, 14, 16, 18, 17], [39, 38, 37, 42, 41, 40, 48, 47, 46, 45, 44, 43, 27, 26, 25, 30, 29, 28, 36, 35, 34, 33, 32, 31, 15, 14, 13, 18, 17, 16, 24, 23, 22, 21, 20, 19, 3, 2, 1, 6, 5, 4, 12, 11, 10, 9, 8, 7], [48, 47, 46, 45, 44, 43, 39, 38, 37, 42, 41, 40, 36, 35, 34, 33, 32, 31, 27, 26, 25, 30, 29, 28, 24, 23, 22, 21, 20, 19, 15, 14, 13, 18, 17, 16, 12, 11, 10, 9, 8, 7, 3, 2, 1, 6, 5, 4]];
cc:=[2, 1];
id:=2852;
gen_vectors_as_perm:=[S!perm : perm in gen_vectors];
Append(~data, rec<RecFormat |  gen_vectors:=gen_vectors_as_perm, cc:=cc, genvec_id:=id>);

gen_vectors:=[[28, 30, 29, 25, 27, 26, 34, 36, 35, 31, 33, 32, 40, 42, 41, 37, 39, 38, 46, 48, 47, 43, 45, 44, 4, 6, 5, 1, 3, 2, 10, 12, 11, 7, 9, 8, 16, 18, 17, 13, 15, 14, 22, 24, 23, 19, 21, 20], [32, 31, 33, 35, 34, 36, 26, 25, 27, 29, 28, 30, 44, 43, 45, 47, 46, 48, 38, 37, 39, 41, 40, 42, 8, 7, 9, 11, 10, 12, 2, 1, 3, 5, 4, 6, 20, 19, 21, 23, 22, 24, 14, 13, 15, 17, 16, 18], [37, 39, 38, 40, 42, 41, 46, 48, 47, 43, 45, 44, 25, 27, 26, 28, 30, 29, 34, 36, 35, 31, 33, 32, 13, 15, 14, 16, 18, 17, 22, 24, 23, 19, 21, 20, 1, 3, 2, 4, 6, 5, 10, 12, 11, 7, 9, 8], [48, 47, 46, 45, 44, 43, 39, 38, 37, 42, 41, 40, 36, 35, 34, 33, 32, 31, 27, 26, 25, 30, 29, 28, 24, 23, 22, 21, 20, 19, 15, 14, 13, 18, 17, 16, 12, 11, 10, 9, 8, 7, 3, 2, 1, 6, 5, 4]];
cc:=[2, 2];
id:=2865;
gen_vectors_as_perm:=[S!perm : perm in gen_vectors];
Append(~data, rec<RecFormat |  gen_vectors:=gen_vectors_as_perm, cc:=cc, genvec_id:=id>);

gen_vectors:=[[28, 30, 29, 25, 27, 26, 34, 36, 35, 31, 33, 32, 40, 42, 41, 37, 39, 38, 46, 48, 47, 43, 45, 44, 4, 6, 5, 1, 3, 2, 10, 12, 11, 7, 9, 8, 16, 18, 17, 13, 15, 14, 22, 24, 23, 19, 21, 20], [32, 31, 33, 35, 34, 36, 26, 25, 27, 29, 28, 30, 44, 43, 45, 47, 46, 48, 38, 37, 39, 41, 40, 42, 8, 7, 9, 11, 10, 12, 2, 1, 3, 5, 4, 6, 20, 19, 21, 23, 22, 24, 14, 13, 15, 17, 16, 18], [39, 38, 37, 42, 41, 40, 48, 47, 46, 45, 44, 43, 27, 26, 25, 30, 29, 28, 36, 35, 34, 33, 32, 31, 15, 14, 13, 18, 17, 16, 24, 23, 22, 21, 20, 19, 3, 2, 1, 6, 5, 4, 12, 11, 10, 9, 8, 7], [47, 46, 48, 44, 43, 45, 38, 37, 39, 41, 40, 42, 35, 34, 36, 32, 31, 33, 26, 25, 27, 29, 28, 30, 23, 22, 24, 20, 19, 21, 14, 13, 15, 17, 16, 18, 11, 10, 12, 8, 7, 9, 2, 1, 3, 5, 4, 6]];
cc:=[2, 3];
id:=2873;
gen_vectors_as_perm:=[S!perm : perm in gen_vectors];
Append(~data, rec<RecFormat |  gen_vectors:=gen_vectors_as_perm, cc:=cc, genvec_id:=id>);

gen_vectors:=[[28, 30, 29, 25, 27, 26, 34, 36, 35, 31, 33, 32, 40, 42, 41, 37, 39, 38, 46, 48, 47, 43, 45, 44, 4, 6, 5, 1, 3, 2, 10, 12, 11, 7, 9, 8, 16, 18, 17, 13, 15, 14, 22, 24, 23, 19, 21, 20], [32, 31, 33, 35, 34, 36, 26, 25, 27, 29, 28, 30, 44, 43, 45, 47, 46, 48, 38, 37, 39, 41, 40, 42, 8, 7, 9, 11, 10, 12, 2, 1, 3, 5, 4, 6, 20, 19, 21, 23, 22, 24, 14, 13, 15, 17, 16, 18], [38, 37, 39, 41, 40, 42, 47, 46, 48, 44, 43, 45, 26, 25, 27, 29, 28, 30, 35, 34, 36, 32, 31, 33, 14, 13, 15, 17, 16, 18, 23, 22, 24, 20, 19, 21, 2, 1, 3, 5, 4, 6, 11, 10, 12, 8, 7, 9], [46, 48, 47, 43, 45, 44, 37, 39, 38, 40, 42, 41, 34, 36, 35, 31, 33, 32, 25, 27, 26, 28, 30, 29, 22, 24, 23, 19, 21, 20, 13, 15, 14, 16, 18, 17, 10, 12, 11, 7, 9, 8, 1, 3, 2, 4, 6, 5]];
cc:=[2, 4];
id:=2879;
gen_vectors_as_perm:=[S!perm : perm in gen_vectors];
Append(~data, rec<RecFormat |  gen_vectors:=gen_vectors_as_perm, cc:=cc, genvec_id:=id>);

FindOrbits(G,signature,data,g0,label,g);


data:=[];
label:="7.8-1.0.2-2-4-8-8";
gp_id:=[8,1];
signature:=[0,2,2,4,8,8];

g0:=signature[1];
H:=SmallGroup(gp_id[1],gp_id[2]); n:=#H; LP:=[]; LG:=[g : g in H]; for i in [1..n] do x:=LG[i]; Tx:=[LG[j]*x : j in [1..n]]; permL:=[]; for j in [1..n] do for k in [1..n] do if Tx[j] eq LG[k] then permL[j]:=k; break; end if; end for; end for; Append(~LP,permL); end for; G:=PermutationGroup<n|LP>;
S:=Sym(gp_id[1]);

gen_vectors:=[[2, 1, 4, 3, 6, 5, 8, 7], [2, 1, 4, 3, 6, 5, 8, 7], [3, 4, 2, 1, 7, 8, 6, 5], [5, 6, 7, 8, 3, 4, 2, 1], [6, 5, 8, 7, 4, 3, 1, 2]];
cc:=[1, 1];
id:=3093;
gen_vectors_as_perm:=[S!perm : perm in gen_vectors];
Append(~data, rec<RecFormat |  gen_vectors:=gen_vectors_as_perm, cc:=cc, genvec_id:=id>);

gen_vectors:=[[2, 1, 4, 3, 6, 5, 8, 7], [2, 1, 4, 3, 6, 5, 8, 7], [3, 4, 2, 1, 7, 8, 6, 5], [7, 8, 6, 5, 2, 1, 4, 3], [7, 8, 6, 5, 2, 1, 4, 3]];
cc:=[2, 1];
id:=3358;
gen_vectors_as_perm:=[S!perm : perm in gen_vectors];
Append(~data, rec<RecFormat |  gen_vectors:=gen_vectors_as_perm, cc:=cc, genvec_id:=id>);

gen_vectors:=[[2, 1, 4, 3, 6, 5, 8, 7], [2, 1, 4, 3, 6, 5, 8, 7], [3, 4, 2, 1, 7, 8, 6, 5], [8, 7, 5, 6, 1, 2, 3, 4], [8, 7, 5, 6, 1, 2, 3, 4]];
cc:=[3, 1];
id:=3507;
gen_vectors_as_perm:=[S!perm : perm in gen_vectors];
Append(~data, rec<RecFormat |  gen_vectors:=gen_vectors_as_perm, cc:=cc, genvec_id:=id>);

gen_vectors:=[[2, 1, 4, 3, 6, 5, 8, 7], [2, 1, 4, 3, 6, 5, 8, 7], [4, 3, 1, 2, 8, 7, 5, 6], [5, 6, 7, 8, 3, 4, 2, 1], [5, 6, 7, 8, 3, 4, 2, 1]];
cc:=[4, 1];
id:=3644;
gen_vectors_as_perm:=[S!perm : perm in gen_vectors];
Append(~data, rec<RecFormat |  gen_vectors:=gen_vectors_as_perm, cc:=cc, genvec_id:=id>);

gen_vectors:=[[2, 1, 4, 3, 6, 5, 8, 7], [2, 1, 4, 3, 6, 5, 8, 7], [4, 3, 1, 2, 8, 7, 5, 6], [7, 8, 6, 5, 2, 1, 4, 3], [8, 7, 5, 6, 1, 2, 3, 4]];
cc:=[5, 1];
id:=3730;
gen_vectors_as_perm:=[S!perm : perm in gen_vectors];
Append(~data, rec<RecFormat |  gen_vectors:=gen_vectors_as_perm, cc:=cc, genvec_id:=id>);

gen_vectors:=[[2, 1, 4, 3, 6, 5, 8, 7], [2, 1, 4, 3, 6, 5, 8, 7], [4, 3, 1, 2, 8, 7, 5, 6], [6, 5, 8, 7, 4, 3, 1, 2], [6, 5, 8, 7, 4, 3, 1, 2]];
cc:=[6, 1];
id:=3743;
gen_vectors_as_perm:=[S!perm : perm in gen_vectors];
Append(~data, rec<RecFormat |  gen_vectors:=gen_vectors_as_perm, cc:=cc, genvec_id:=id>);

FindOrbits(G,signature,data,g0,label,g);


data:=[];
label:="7.30-4.0.2-15-30";
gp_id:=[30,4];
signature:=[0,2,15,30];

g0:=signature[1];
H:=SmallGroup(gp_id[1],gp_id[2]); n:=#H; LP:=[]; LG:=[g : g in H]; for i in [1..n] do x:=LG[i]; Tx:=[LG[j]*x : j in [1..n]]; permL:=[]; for j in [1..n] do for k in [1..n] do if Tx[j] eq LG[k] then permL[j]:=k; break; end if; end for; end for; Append(~LP,permL); end for; G:=PermutationGroup<n|LP>;
S:=Sym(gp_id[1]);

gen_vectors:=[[16, 17, 18, 19, 20, 21, 22, 23, 24, 25, 26, 27, 28, 29, 30, 1, 2, 3, 4, 5, 6, 7, 8, 9, 10, 11, 12, 13, 14, 15], [7, 8, 9, 10, 6, 12, 13, 14, 15, 11, 2, 3, 4, 5, 1, 22, 23, 24, 25, 21, 27, 28, 29, 30, 26, 17, 18, 19, 20, 16], [30, 26, 27, 28, 29, 20, 16, 17, 18, 19, 25, 21, 22, 23, 24, 15, 11, 12, 13, 14, 5, 1, 2, 3, 4, 10, 6, 7, 8, 9]];
cc:=[1, 1];
id:=2473;
gen_vectors_as_perm:=[S!perm : perm in gen_vectors];
Append(~data, rec<RecFormat |  gen_vectors:=gen_vectors_as_perm, cc:=cc, genvec_id:=id>);

gen_vectors:=[[16, 17, 18, 19, 20, 21, 22, 23, 24, 25, 26, 27, 28, 29, 30, 1, 2, 3, 4, 5, 6, 7, 8, 9, 10, 11, 12, 13, 14, 15], [13, 14, 15, 11, 12, 3, 4, 5, 1, 2, 8, 9, 10, 6, 7, 28, 29, 30, 26, 27, 18, 19, 20, 16, 17, 23, 24, 25, 21, 22], [24, 25, 21, 22, 23, 29, 30, 26, 27, 28, 19, 20, 16, 17, 18, 9, 10, 6, 7, 8, 14, 15, 11, 12, 13, 4, 5, 1, 2, 3]];
cc:=[2, 1];
id:=2504;
gen_vectors_as_perm:=[S!perm : perm in gen_vectors];
Append(~data, rec<RecFormat |  gen_vectors:=gen_vectors_as_perm, cc:=cc, genvec_id:=id>);

gen_vectors:=[[16, 17, 18, 19, 20, 21, 22, 23, 24, 25, 26, 27, 28, 29, 30, 1, 2, 3, 4, 5, 6, 7, 8, 9, 10, 11, 12, 13, 14, 15], [10, 6, 7, 8, 9, 15, 11, 12, 13, 14, 5, 1, 2, 3, 4, 25, 21, 22, 23, 24, 30, 26, 27, 28, 29, 20, 16, 17, 18, 19], [27, 28, 29, 30, 26, 17, 18, 19, 20, 16, 22, 23, 24, 25, 21, 12, 13, 14, 15, 11, 2, 3, 4, 5, 1, 7, 8, 9, 10, 6]];
cc:=[3, 1];
id:=2537;
gen_vectors_as_perm:=[S!perm : perm in gen_vectors];
Append(~data, rec<RecFormat |  gen_vectors:=gen_vectors_as_perm, cc:=cc, genvec_id:=id>);

gen_vectors:=[[16, 17, 18, 19, 20, 21, 22, 23, 24, 25, 26, 27, 28, 29, 30, 1, 2, 3, 4, 5, 6, 7, 8, 9, 10, 11, 12, 13, 14, 15], [8, 9, 10, 6, 7, 13, 14, 15, 11, 12, 3, 4, 5, 1, 2, 23, 24, 25, 21, 22, 28, 29, 30, 26, 27, 18, 19, 20, 16, 17], [29, 30, 26, 27, 28, 19, 20, 16, 17, 18, 24, 25, 21, 22, 23, 14, 15, 11, 12, 13, 4, 5, 1, 2, 3, 9, 10, 6, 7, 8]];
cc:=[4, 1];
id:=2566;
gen_vectors_as_perm:=[S!perm : perm in gen_vectors];
Append(~data, rec<RecFormat |  gen_vectors:=gen_vectors_as_perm, cc:=cc, genvec_id:=id>);

gen_vectors:=[[16, 17, 18, 19, 20, 21, 22, 23, 24, 25, 26, 27, 28, 29, 30, 1, 2, 3, 4, 5, 6, 7, 8, 9, 10, 11, 12, 13, 14, 15], [14, 15, 11, 12, 13, 4, 5, 1, 2, 3, 9, 10, 6, 7, 8, 29, 30, 26, 27, 28, 19, 20, 16, 17, 18, 24, 25, 21, 22, 23], [23, 24, 25, 21, 22, 28, 29, 30, 26, 27, 18, 19, 20, 16, 17, 8, 9, 10, 6, 7, 13, 14, 15, 11, 12, 3, 4, 5, 1, 2]];
cc:=[5, 1];
id:=2594;
gen_vectors_as_perm:=[S!perm : perm in gen_vectors];
Append(~data, rec<RecFormat |  gen_vectors:=gen_vectors_as_perm, cc:=cc, genvec_id:=id>);

gen_vectors:=[[16, 17, 18, 19, 20, 21, 22, 23, 24, 25, 26, 27, 28, 29, 30, 1, 2, 3, 4, 5, 6, 7, 8, 9, 10, 11, 12, 13, 14, 15], [12, 13, 14, 15, 11, 2, 3, 4, 5, 1, 7, 8, 9, 10, 6, 27, 28, 29, 30, 26, 17, 18, 19, 20, 16, 22, 23, 24, 25, 21], [25, 21, 22, 23, 24, 30, 26, 27, 28, 29, 20, 16, 17, 18, 19, 10, 6, 7, 8, 9, 15, 11, 12, 13, 14, 5, 1, 2, 3, 4]];
cc:=[6, 1];
id:=2615;
gen_vectors_as_perm:=[S!perm : perm in gen_vectors];
Append(~data, rec<RecFormat |  gen_vectors:=gen_vectors_as_perm, cc:=cc, genvec_id:=id>);

gen_vectors:=[[16, 17, 18, 19, 20, 21, 22, 23, 24, 25, 26, 27, 28, 29, 30, 1, 2, 3, 4, 5, 6, 7, 8, 9, 10, 11, 12, 13, 14, 15], [9, 10, 6, 7, 8, 14, 15, 11, 12, 13, 4, 5, 1, 2, 3, 24, 25, 21, 22, 23, 29, 30, 26, 27, 28, 19, 20, 16, 17, 18], [28, 29, 30, 26, 27, 18, 19, 20, 16, 17, 23, 24, 25, 21, 22, 13, 14, 15, 11, 12, 3, 4, 5, 1, 2, 8, 9, 10, 6, 7]];
cc:=[7, 1];
id:=2637;
gen_vectors_as_perm:=[S!perm : perm in gen_vectors];
Append(~data, rec<RecFormat |  gen_vectors:=gen_vectors_as_perm, cc:=cc, genvec_id:=id>);

gen_vectors:=[[16, 17, 18, 19, 20, 21, 22, 23, 24, 25, 26, 27, 28, 29, 30, 1, 2, 3, 4, 5, 6, 7, 8, 9, 10, 11, 12, 13, 14, 15], [15, 11, 12, 13, 14, 5, 1, 2, 3, 4, 10, 6, 7, 8, 9, 30, 26, 27, 28, 29, 20, 16, 17, 18, 19, 25, 21, 22, 23, 24], [22, 23, 24, 25, 21, 27, 28, 29, 30, 26, 17, 18, 19, 20, 16, 7, 8, 9, 10, 6, 12, 13, 14, 15, 11, 2, 3, 4, 5, 1]];
cc:=[8, 1];
id:=2650;
gen_vectors_as_perm:=[S!perm : perm in gen_vectors];
Append(~data, rec<RecFormat |  gen_vectors:=gen_vectors_as_perm, cc:=cc, genvec_id:=id>);

FindOrbits(G,signature,data,g0,label,g);


data:=[];
label:="7.24-3.0.2-3-3-3";
gp_id:=[24,3];
signature:=[0,2,3,3,3];

g0:=signature[1];
H:=SmallGroup(gp_id[1],gp_id[2]); n:=#H; LP:=[]; LG:=[g : g in H]; for i in [1..n] do x:=LG[i]; Tx:=[LG[j]*x : j in [1..n]]; permL:=[]; for j in [1..n] do for k in [1..n] do if Tx[j] eq LG[k] then permL[j]:=k; break; end if; end for; end for; Append(~LP,permL); end for; G:=PermutationGroup<n|LP>;
S:=Sym(gp_id[1]);

gen_vectors:=[[2, 1, 4, 3, 6, 5, 8, 7, 10, 9, 12, 11, 14, 13, 16, 15, 18, 17, 20, 19, 22, 21, 24, 23], [9, 10, 15, 16, 11, 12, 13, 14, 17, 18, 23, 24, 19, 20, 21, 22, 1, 2, 7, 8, 3, 4, 5, 6], [13, 14, 11, 12, 16, 15, 10, 9, 21, 22, 19, 20, 24, 23, 18, 17, 5, 6, 3, 4, 8, 7, 2, 1], [11, 12, 14, 13, 10, 9, 15, 16, 19, 20, 22, 21, 18, 17, 23, 24, 3, 4, 6, 5, 2, 1, 7, 8]];
cc:=[1, 1];
id:=2766;
gen_vectors_as_perm:=[S!perm : perm in gen_vectors];
Append(~data, rec<RecFormat |  gen_vectors:=gen_vectors_as_perm, cc:=cc, genvec_id:=id>);

gen_vectors:=[[2, 1, 4, 3, 6, 5, 8, 7, 10, 9, 12, 11, 14, 13, 16, 15, 18, 17, 20, 19, 22, 21, 24, 23], [17, 18, 21, 22, 23, 24, 19, 20, 1, 2, 5, 6, 7, 8, 3, 4, 9, 10, 13, 14, 15, 16, 11, 12], [24, 23, 19, 20, 17, 18, 22, 21, 8, 7, 3, 4, 1, 2, 6, 5, 16, 15, 11, 12, 9, 10, 14, 13], [20, 19, 24, 23, 21, 22, 17, 18, 4, 3, 8, 7, 5, 6, 1, 2, 12, 11, 16, 15, 13, 14, 9, 10]];
cc:=[2, 1];
id:=2845;
gen_vectors_as_perm:=[S!perm : perm in gen_vectors];
Append(~data, rec<RecFormat |  gen_vectors:=gen_vectors_as_perm, cc:=cc, genvec_id:=id>);

FindOrbits(G,signature,data,g0,label,g);


data:=[];
label:="7.12-1.0.4-4-4-4";
gp_id:=[12,1];
signature:=[0,4,4,4,4];

g0:=signature[1];
H:=SmallGroup(gp_id[1],gp_id[2]); n:=#H; LP:=[]; LG:=[g : g in H]; for i in [1..n] do x:=LG[i]; Tx:=[LG[j]*x : j in [1..n]]; permL:=[]; for j in [1..n] do for k in [1..n] do if Tx[j] eq LG[k] then permL[j]:=k; break; end if; end for; end for; Append(~LP,permL); end for; G:=PermutationGroup<n|LP>;
S:=Sym(gp_id[1]);

gen_vectors:=[[7, 9, 8, 10, 12, 11, 4, 6, 5, 1, 3, 2], [7, 9, 8, 10, 12, 11, 4, 6, 5, 1, 3, 2], [9, 8, 7, 12, 11, 10, 6, 5, 4, 3, 2, 1], [9, 8, 7, 12, 11, 10, 6, 5, 4, 3, 2, 1]];
cc:=[1, 1];
id:=2784;
gen_vectors_as_perm:=[S!perm : perm in gen_vectors];
Append(~data, rec<RecFormat |  gen_vectors:=gen_vectors_as_perm, cc:=cc, genvec_id:=id>);

gen_vectors:=[[7, 9, 8, 10, 12, 11, 4, 6, 5, 1, 3, 2], [9, 8, 7, 12, 11, 10, 6, 5, 4, 3, 2, 1], [7, 9, 8, 10, 12, 11, 4, 6, 5, 1, 3, 2], [8, 7, 9, 11, 10, 12, 5, 4, 6, 2, 1, 3]];
cc:=[1, 2];
id:=2792;
gen_vectors_as_perm:=[S!perm : perm in gen_vectors];
Append(~data, rec<RecFormat |  gen_vectors:=gen_vectors_as_perm, cc:=cc, genvec_id:=id>);

gen_vectors:=[[7, 9, 8, 10, 12, 11, 4, 6, 5, 1, 3, 2], [9, 8, 7, 12, 11, 10, 6, 5, 4, 3, 2, 1], [9, 8, 7, 12, 11, 10, 6, 5, 4, 3, 2, 1], [7, 9, 8, 10, 12, 11, 4, 6, 5, 1, 3, 2]];
cc:=[1, 3];
id:=2803;
gen_vectors_as_perm:=[S!perm : perm in gen_vectors];
Append(~data, rec<RecFormat |  gen_vectors:=gen_vectors_as_perm, cc:=cc, genvec_id:=id>);

gen_vectors:=[[7, 9, 8, 10, 12, 11, 4, 6, 5, 1, 3, 2], [9, 8, 7, 12, 11, 10, 6, 5, 4, 3, 2, 1], [8, 7, 9, 11, 10, 12, 5, 4, 6, 2, 1, 3], [9, 8, 7, 12, 11, 10, 6, 5, 4, 3, 2, 1]];
cc:=[1, 4];
id:=2812;
gen_vectors_as_perm:=[S!perm : perm in gen_vectors];
Append(~data, rec<RecFormat |  gen_vectors:=gen_vectors_as_perm, cc:=cc, genvec_id:=id>);

gen_vectors:=[[7, 9, 8, 10, 12, 11, 4, 6, 5, 1, 3, 2], [7, 9, 8, 10, 12, 11, 4, 6, 5, 1, 3, 2], [12, 11, 10, 9, 8, 7, 3, 2, 1, 6, 5, 4], [12, 11, 10, 9, 8, 7, 3, 2, 1, 6, 5, 4]];
cc:=[2, 1];
id:=2860;
gen_vectors_as_perm:=[S!perm : perm in gen_vectors];
Append(~data, rec<RecFormat |  gen_vectors:=gen_vectors_as_perm, cc:=cc, genvec_id:=id>);

gen_vectors:=[[7, 9, 8, 10, 12, 11, 4, 6, 5, 1, 3, 2], [9, 8, 7, 12, 11, 10, 6, 5, 4, 3, 2, 1], [10, 12, 11, 7, 9, 8, 1, 3, 2, 4, 6, 5], [11, 10, 12, 8, 7, 9, 2, 1, 3, 5, 4, 6]];
cc:=[2, 2];
id:=2868;
gen_vectors_as_perm:=[S!perm : perm in gen_vectors];
Append(~data, rec<RecFormat |  gen_vectors:=gen_vectors_as_perm, cc:=cc, genvec_id:=id>);

gen_vectors:=[[7, 9, 8, 10, 12, 11, 4, 6, 5, 1, 3, 2], [9, 8, 7, 12, 11, 10, 6, 5, 4, 3, 2, 1], [12, 11, 10, 9, 8, 7, 3, 2, 1, 6, 5, 4], [10, 12, 11, 7, 9, 8, 1, 3, 2, 4, 6, 5]];
cc:=[2, 3];
id:=2876;
gen_vectors_as_perm:=[S!perm : perm in gen_vectors];
Append(~data, rec<RecFormat |  gen_vectors:=gen_vectors_as_perm, cc:=cc, genvec_id:=id>);

gen_vectors:=[[7, 9, 8, 10, 12, 11, 4, 6, 5, 1, 3, 2], [9, 8, 7, 12, 11, 10, 6, 5, 4, 3, 2, 1], [11, 10, 12, 8, 7, 9, 2, 1, 3, 5, 4, 6], [12, 11, 10, 9, 8, 7, 3, 2, 1, 6, 5, 4]];
cc:=[2, 4];
id:=2882;
gen_vectors_as_perm:=[S!perm : perm in gen_vectors];
Append(~data, rec<RecFormat |  gen_vectors:=gen_vectors_as_perm, cc:=cc, genvec_id:=id>);

gen_vectors:=[[10, 12, 11, 7, 9, 8, 1, 3, 2, 4, 6, 5], [10, 12, 11, 7, 9, 8, 1, 3, 2, 4, 6, 5], [12, 11, 10, 9, 8, 7, 3, 2, 1, 6, 5, 4], [12, 11, 10, 9, 8, 7, 3, 2, 1, 6, 5, 4]];
cc:=[3, 1];
id:=2907;
gen_vectors_as_perm:=[S!perm : perm in gen_vectors];
Append(~data, rec<RecFormat |  gen_vectors:=gen_vectors_as_perm, cc:=cc, genvec_id:=id>);

gen_vectors:=[[10, 12, 11, 7, 9, 8, 1, 3, 2, 4, 6, 5], [12, 11, 10, 9, 8, 7, 3, 2, 1, 6, 5, 4], [10, 12, 11, 7, 9, 8, 1, 3, 2, 4, 6, 5], [11, 10, 12, 8, 7, 9, 2, 1, 3, 5, 4, 6]];
cc:=[3, 2];
id:=2909;
gen_vectors_as_perm:=[S!perm : perm in gen_vectors];
Append(~data, rec<RecFormat |  gen_vectors:=gen_vectors_as_perm, cc:=cc, genvec_id:=id>);

gen_vectors:=[[10, 12, 11, 7, 9, 8, 1, 3, 2, 4, 6, 5], [12, 11, 10, 9, 8, 7, 3, 2, 1, 6, 5, 4], [12, 11, 10, 9, 8, 7, 3, 2, 1, 6, 5, 4], [10, 12, 11, 7, 9, 8, 1, 3, 2, 4, 6, 5]];
cc:=[3, 3];
id:=2915;
gen_vectors_as_perm:=[S!perm : perm in gen_vectors];
Append(~data, rec<RecFormat |  gen_vectors:=gen_vectors_as_perm, cc:=cc, genvec_id:=id>);

gen_vectors:=[[10, 12, 11, 7, 9, 8, 1, 3, 2, 4, 6, 5], [12, 11, 10, 9, 8, 7, 3, 2, 1, 6, 5, 4], [11, 10, 12, 8, 7, 9, 2, 1, 3, 5, 4, 6], [12, 11, 10, 9, 8, 7, 3, 2, 1, 6, 5, 4]];
cc:=[3, 4];
id:=2917;
gen_vectors_as_perm:=[S!perm : perm in gen_vectors];
Append(~data, rec<RecFormat |  gen_vectors:=gen_vectors_as_perm, cc:=cc, genvec_id:=id>);

FindOrbits(G,signature,data,g0,label,g);


data:=[];
label:="7.72-25.0.3-3-6";
gp_id:=[72,25];
signature:=[0,3,3,6];

g0:=signature[1];
H:=SmallGroup(gp_id[1],gp_id[2]); n:=#H; LP:=[]; LG:=[g : g in H]; for i in [1..n] do x:=LG[i]; Tx:=[LG[j]*x : j in [1..n]]; permL:=[]; for j in [1..n] do for k in [1..n] do if Tx[j] eq LG[k] then permL[j]:=k; break; end if; end for; end for; Append(~LP,permL); end for; G:=PermutationGroup<n|LP>;
S:=Sym(gp_id[1]);

gen_vectors:=[[25, 26, 31, 32, 27, 28, 29, 30, 33, 34, 39, 40, 35, 36, 37, 38, 41, 42, 47, 48, 43, 44, 45, 46, 49, 50, 55, 56, 51, 52, 53, 54, 57, 58, 63, 64, 59, 60, 61, 62, 65, 66, 71, 72, 67, 68, 69, 70, 1, 2, 7, 8, 3, 4, 5, 6, 9, 10, 15, 16, 11, 12, 13, 14, 17, 18, 23, 24, 19, 20, 21, 22], [37, 38, 35, 36, 40, 39, 34, 33, 45, 46, 43, 44, 48, 47, 42, 41, 29, 30, 27, 28, 32, 31, 26, 25, 61, 62, 59, 60, 64, 63, 58, 57, 69, 70, 67, 68, 72, 71, 66, 65, 53, 54, 51, 52, 56, 55, 50, 49, 13, 14, 11, 12, 16, 15, 10, 9, 21, 22, 19, 20, 24, 23, 18, 17, 5, 6, 3, 4, 8, 7, 2, 1], [44, 43, 45, 46, 41, 42, 48, 47, 28, 27, 29, 30, 25, 26, 32, 31, 36, 35, 37, 38, 33, 34, 40, 39, 68, 67, 69, 70, 65, 66, 72, 71, 52, 51, 53, 54, 49, 50, 56, 55, 60, 59, 61, 62, 57, 58, 64, 63, 20, 19, 21, 22, 17, 18, 24, 23, 4, 3, 5, 6, 1, 2, 8, 7, 12, 11, 13, 14, 9, 10, 16, 15]];
cc:=[1, 1];
id:=2496;
gen_vectors_as_perm:=[S!perm : perm in gen_vectors];
Append(~data, rec<RecFormat |  gen_vectors:=gen_vectors_as_perm, cc:=cc, genvec_id:=id>);

gen_vectors:=[[25, 26, 31, 32, 27, 28, 29, 30, 33, 34, 39, 40, 35, 36, 37, 38, 41, 42, 47, 48, 43, 44, 45, 46, 49, 50, 55, 56, 51, 52, 53, 54, 57, 58, 63, 64, 59, 60, 61, 62, 65, 66, 71, 72, 67, 68, 69, 70, 1, 2, 7, 8, 3, 4, 5, 6, 9, 10, 15, 16, 11, 12, 13, 14, 17, 18, 23, 24, 19, 20, 21, 22], [45, 46, 43, 44, 48, 47, 42, 41, 29, 30, 27, 28, 32, 31, 26, 25, 37, 38, 35, 36, 40, 39, 34, 33, 69, 70, 67, 68, 72, 71, 66, 65, 53, 54, 51, 52, 56, 55, 50, 49, 61, 62, 59, 60, 64, 63, 58, 57, 21, 22, 19, 20, 24, 23, 18, 17, 5, 6, 3, 4, 8, 7, 2, 1, 13, 14, 11, 12, 16, 15, 10, 9], [36, 35, 37, 38, 33, 34, 40, 39, 44, 43, 45, 46, 41, 42, 48, 47, 28, 27, 29, 30, 25, 26, 32, 31, 60, 59, 61, 62, 57, 58, 64, 63, 68, 67, 69, 70, 65, 66, 72, 71, 52, 51, 53, 54, 49, 50, 56, 55, 12, 11, 13, 14, 9, 10, 16, 15, 20, 19, 21, 22, 17, 18, 24, 23, 4, 3, 5, 6, 1, 2, 8, 7]];
cc:=[2, 1];
id:=2528;
gen_vectors_as_perm:=[S!perm : perm in gen_vectors];
Append(~data, rec<RecFormat |  gen_vectors:=gen_vectors_as_perm, cc:=cc, genvec_id:=id>);

gen_vectors:=[[49, 50, 53, 54, 55, 56, 51, 52, 57, 58, 61, 62, 63, 64, 59, 60, 65, 66, 69, 70, 71, 72, 67, 68, 1, 2, 5, 6, 7, 8, 3, 4, 9, 10, 13, 14, 15, 16, 11, 12, 17, 18, 21, 22, 23, 24, 19, 20, 25, 26, 29, 30, 31, 32, 27, 28, 33, 34, 37, 38, 39, 40, 35, 36, 41, 42, 45, 46, 47, 48, 43, 44], [72, 71, 67, 68, 65, 66, 70, 69, 56, 55, 51, 52, 49, 50, 54, 53, 64, 63, 59, 60, 57, 58, 62, 61, 24, 23, 19, 20, 17, 18, 22, 21, 8, 7, 3, 4, 1, 2, 6, 5, 16, 15, 11, 12, 9, 10, 14, 13, 48, 47, 43, 44, 41, 42, 46, 45, 32, 31, 27, 28, 25, 26, 30, 29, 40, 39, 35, 36, 33, 34, 38, 37], [59, 60, 63, 64, 62, 61, 58, 57, 67, 68, 71, 72, 70, 69, 66, 65, 51, 52, 55, 56, 54, 53, 50, 49, 11, 12, 15, 16, 14, 13, 10, 9, 19, 20, 23, 24, 22, 21, 18, 17, 3, 4, 7, 8, 6, 5, 2, 1, 35, 36, 39, 40, 38, 37, 34, 33, 43, 44, 47, 48, 46, 45, 42, 41, 27, 28, 31, 32, 30, 29, 26, 25]];
cc:=[3, 1];
id:=2558;
gen_vectors_as_perm:=[S!perm : perm in gen_vectors];
Append(~data, rec<RecFormat |  gen_vectors:=gen_vectors_as_perm, cc:=cc, genvec_id:=id>);

gen_vectors:=[[49, 50, 53, 54, 55, 56, 51, 52, 57, 58, 61, 62, 63, 64, 59, 60, 65, 66, 69, 70, 71, 72, 67, 68, 1, 2, 5, 6, 7, 8, 3, 4, 9, 10, 13, 14, 15, 16, 11, 12, 17, 18, 21, 22, 23, 24, 19, 20, 25, 26, 29, 30, 31, 32, 27, 28, 33, 34, 37, 38, 39, 40, 35, 36, 41, 42, 45, 46, 47, 48, 43, 44], [64, 63, 59, 60, 57, 58, 62, 61, 72, 71, 67, 68, 65, 66, 70, 69, 56, 55, 51, 52, 49, 50, 54, 53, 16, 15, 11, 12, 9, 10, 14, 13, 24, 23, 19, 20, 17, 18, 22, 21, 8, 7, 3, 4, 1, 2, 6, 5, 40, 39, 35, 36, 33, 34, 38, 37, 48, 47, 43, 44, 41, 42, 46, 45, 32, 31, 27, 28, 25, 26, 30, 29], [67, 68, 71, 72, 70, 69, 66, 65, 51, 52, 55, 56, 54, 53, 50, 49, 59, 60, 63, 64, 62, 61, 58, 57, 19, 20, 23, 24, 22, 21, 18, 17, 3, 4, 7, 8, 6, 5, 2, 1, 11, 12, 15, 16, 14, 13, 10, 9, 43, 44, 47, 48, 46, 45, 42, 41, 27, 28, 31, 32, 30, 29, 26, 25, 35, 36, 39, 40, 38, 37, 34, 33]];
cc:=[4, 1];
id:=2587;
gen_vectors_as_perm:=[S!perm : perm in gen_vectors];
Append(~data, rec<RecFormat |  gen_vectors:=gen_vectors_as_perm, cc:=cc, genvec_id:=id>);

gen_vectors:=[[33, 34, 39, 40, 35, 36, 37, 38, 41, 42, 47, 48, 43, 44, 45, 46, 25, 26, 31, 32, 27, 28, 29, 30, 57, 58, 63, 64, 59, 60, 61, 62, 65, 66, 71, 72, 67, 68, 69, 70, 49, 50, 55, 56, 51, 52, 53, 54, 9, 10, 15, 16, 11, 12, 13, 14, 17, 18, 23, 24, 19, 20, 21, 22, 1, 2, 7, 8, 3, 4, 5, 6], [45, 46, 43, 44, 48, 47, 42, 41, 29, 30, 27, 28, 32, 31, 26, 25, 37, 38, 35, 36, 40, 39, 34, 33, 69, 70, 67, 68, 72, 71, 66, 65, 53, 54, 51, 52, 56, 55, 50, 49, 61, 62, 59, 60, 64, 63, 58, 57, 21, 22, 19, 20, 24, 23, 18, 17, 5, 6, 3, 4, 8, 7, 2, 1, 13, 14, 11, 12, 16, 15, 10, 9], [28, 27, 29, 30, 25, 26, 32, 31, 36, 35, 37, 38, 33, 34, 40, 39, 44, 43, 45, 46, 41, 42, 48, 47, 52, 51, 53, 54, 49, 50, 56, 55, 60, 59, 61, 62, 57, 58, 64, 63, 68, 67, 69, 70, 65, 66, 72, 71, 4, 3, 5, 6, 1, 2, 8, 7, 12, 11, 13, 14, 9, 10, 16, 15, 20, 19, 21, 22, 17, 18, 24, 23]];
cc:=[5, 1];
id:=2610;
gen_vectors_as_perm:=[S!perm : perm in gen_vectors];
Append(~data, rec<RecFormat |  gen_vectors:=gen_vectors_as_perm, cc:=cc, genvec_id:=id>);

gen_vectors:=[[65, 66, 69, 70, 71, 72, 67, 68, 49, 50, 53, 54, 55, 56, 51, 52, 57, 58, 61, 62, 63, 64, 59, 60, 17, 18, 21, 22, 23, 24, 19, 20, 1, 2, 5, 6, 7, 8, 3, 4, 9, 10, 13, 14, 15, 16, 11, 12, 41, 42, 45, 46, 47, 48, 43, 44, 25, 26, 29, 30, 31, 32, 27, 28, 33, 34, 37, 38, 39, 40, 35, 36], [64, 63, 59, 60, 57, 58, 62, 61, 72, 71, 67, 68, 65, 66, 70, 69, 56, 55, 51, 52, 49, 50, 54, 53, 16, 15, 11, 12, 9, 10, 14, 13, 24, 23, 19, 20, 17, 18, 22, 21, 8, 7, 3, 4, 1, 2, 6, 5, 40, 39, 35, 36, 33, 34, 38, 37, 48, 47, 43, 44, 41, 42, 46, 45, 32, 31, 27, 28, 25, 26, 30, 29], [51, 52, 55, 56, 54, 53, 50, 49, 59, 60, 63, 64, 62, 61, 58, 57, 67, 68, 71, 72, 70, 69, 66, 65, 3, 4, 7, 8, 6, 5, 2, 1, 11, 12, 15, 16, 14, 13, 10, 9, 19, 20, 23, 24, 22, 21, 18, 17, 27, 28, 31, 32, 30, 29, 26, 25, 35, 36, 39, 40, 38, 37, 34, 33, 43, 44, 47, 48, 46, 45, 42, 41]];
cc:=[6, 1];
id:=2631;
gen_vectors_as_perm:=[S!perm : perm in gen_vectors];
Append(~data, rec<RecFormat |  gen_vectors:=gen_vectors_as_perm, cc:=cc, genvec_id:=id>);

FindOrbits(G,signature,data,g0,label,g);


data:=[];
label:="7.12-2.0.2-4-6-12";
gp_id:=[12,2];
signature:=[0,2,4,6,12];

g0:=signature[1];
H:=SmallGroup(gp_id[1],gp_id[2]); n:=#H; LP:=[]; LG:=[g : g in H]; for i in [1..n] do x:=LG[i]; Tx:=[LG[j]*x : j in [1..n]]; permL:=[]; for j in [1..n] do for k in [1..n] do if Tx[j] eq LG[k] then permL[j]:=k; break; end if; end for; end for; Append(~LP,permL); end for; G:=PermutationGroup<n|LP>;
S:=Sym(gp_id[1]);

gen_vectors:=[[2, 1, 4, 3, 6, 5, 8, 7, 10, 9, 12, 11], [7, 8, 9, 10, 11, 12, 2, 1, 4, 3, 6, 5], [4, 3, 6, 5, 2, 1, 10, 9, 12, 11, 8, 7], [12, 11, 8, 7, 10, 9, 5, 6, 1, 2, 3, 4]];
cc:=[1, 1];
id:=2756;
gen_vectors_as_perm:=[S!perm : perm in gen_vectors];
Append(~data, rec<RecFormat |  gen_vectors:=gen_vectors_as_perm, cc:=cc, genvec_id:=id>);

gen_vectors:=[[2, 1, 4, 3, 6, 5, 8, 7, 10, 9, 12, 11], [7, 8, 9, 10, 11, 12, 2, 1, 4, 3, 6, 5], [6, 5, 2, 1, 4, 3, 12, 11, 8, 7, 10, 9], [10, 9, 12, 11, 8, 7, 3, 4, 5, 6, 1, 2]];
cc:=[2, 1];
id:=2835;
gen_vectors_as_perm:=[S!perm : perm in gen_vectors];
Append(~data, rec<RecFormat |  gen_vectors:=gen_vectors_as_perm, cc:=cc, genvec_id:=id>);

gen_vectors:=[[2, 1, 4, 3, 6, 5, 8, 7, 10, 9, 12, 11], [8, 7, 10, 9, 12, 11, 1, 2, 3, 4, 5, 6], [4, 3, 6, 5, 2, 1, 10, 9, 12, 11, 8, 7], [11, 12, 7, 8, 9, 10, 6, 5, 2, 1, 4, 3]];
cc:=[3, 1];
id:=2889;
gen_vectors_as_perm:=[S!perm : perm in gen_vectors];
Append(~data, rec<RecFormat |  gen_vectors:=gen_vectors_as_perm, cc:=cc, genvec_id:=id>);

gen_vectors:=[[2, 1, 4, 3, 6, 5, 8, 7, 10, 9, 12, 11], [8, 7, 10, 9, 12, 11, 1, 2, 3, 4, 5, 6], [6, 5, 2, 1, 4, 3, 12, 11, 8, 7, 10, 9], [9, 10, 11, 12, 7, 8, 4, 3, 6, 5, 2, 1]];
cc:=[4, 1];
id:=2924;
gen_vectors_as_perm:=[S!perm : perm in gen_vectors];
Append(~data, rec<RecFormat |  gen_vectors:=gen_vectors_as_perm, cc:=cc, genvec_id:=id>);

FindOrbits(G,signature,data,g0,label,g);


data:=[];
label:="7.16-2.0.2-4-4-4";
gp_id:=[16,2];
signature:=[0,2,4,4,4];

g0:=signature[1];
H:=SmallGroup(gp_id[1],gp_id[2]); n:=#H; LP:=[]; LG:=[g : g in H]; for i in [1..n] do x:=LG[i]; Tx:=[LG[j]*x : j in [1..n]]; permL:=[]; for j in [1..n] do for k in [1..n] do if Tx[j] eq LG[k] then permL[j]:=k; break; end if; end for; end for; Append(~LP,permL); end for; G:=PermutationGroup<n|LP>;
S:=Sym(gp_id[1]);

gen_vectors:=[[2, 1, 4, 3, 6, 5, 8, 7, 10, 9, 12, 11, 14, 13, 16, 15], [5, 6, 7, 8, 2, 1, 4, 3, 13, 14, 15, 16, 10, 9, 12, 11], [9, 10, 11, 12, 13, 14, 15, 16, 3, 4, 1, 2, 7, 8, 5, 6], [15, 16, 13, 14, 12, 11, 10, 9, 5, 6, 7, 8, 2, 1, 4, 3]];
cc:=[1, 1];
id:=2758;
gen_vectors_as_perm:=[S!perm : perm in gen_vectors];
Append(~data, rec<RecFormat |  gen_vectors:=gen_vectors_as_perm, cc:=cc, genvec_id:=id>);

gen_vectors:=[[2, 1, 4, 3, 6, 5, 8, 7, 10, 9, 12, 11, 14, 13, 16, 15], [5, 6, 7, 8, 2, 1, 4, 3, 13, 14, 15, 16, 10, 9, 12, 11], [11, 12, 9, 10, 15, 16, 13, 14, 1, 2, 3, 4, 5, 6, 7, 8], [13, 14, 15, 16, 10, 9, 12, 11, 7, 8, 5, 6, 4, 3, 2, 1]];
cc:=[2, 1];
id:=2837;
gen_vectors_as_perm:=[S!perm : perm in gen_vectors];
Append(~data, rec<RecFormat |  gen_vectors:=gen_vectors_as_perm, cc:=cc, genvec_id:=id>);

gen_vectors:=[[2, 1, 4, 3, 6, 5, 8, 7, 10, 9, 12, 11, 14, 13, 16, 15], [5, 6, 7, 8, 2, 1, 4, 3, 13, 14, 15, 16, 10, 9, 12, 11], [10, 9, 12, 11, 14, 13, 16, 15, 4, 3, 2, 1, 8, 7, 6, 5], [16, 15, 14, 13, 11, 12, 9, 10, 6, 5, 8, 7, 1, 2, 3, 4]];
cc:=[3, 1];
id:=2891;
gen_vectors_as_perm:=[S!perm : perm in gen_vectors];
Append(~data, rec<RecFormat |  gen_vectors:=gen_vectors_as_perm, cc:=cc, genvec_id:=id>);

gen_vectors:=[[2, 1, 4, 3, 6, 5, 8, 7, 10, 9, 12, 11, 14, 13, 16, 15], [5, 6, 7, 8, 2, 1, 4, 3, 13, 14, 15, 16, 10, 9, 12, 11], [12, 11, 10, 9, 16, 15, 14, 13, 2, 1, 4, 3, 6, 5, 8, 7], [14, 13, 16, 15, 9, 10, 11, 12, 8, 7, 6, 5, 3, 4, 1, 2]];
cc:=[4, 1];
id:=2926;
gen_vectors_as_perm:=[S!perm : perm in gen_vectors];
Append(~data, rec<RecFormat |  gen_vectors:=gen_vectors_as_perm, cc:=cc, genvec_id:=id>);

gen_vectors:=[[2, 1, 4, 3, 6, 5, 8, 7, 10, 9, 12, 11, 14, 13, 16, 15], [6, 5, 8, 7, 1, 2, 3, 4, 14, 13, 16, 15, 9, 10, 11, 12], [9, 10, 11, 12, 13, 14, 15, 16, 3, 4, 1, 2, 7, 8, 5, 6], [16, 15, 14, 13, 11, 12, 9, 10, 6, 5, 8, 7, 1, 2, 3, 4]];
cc:=[5, 1];
id:=2949;
gen_vectors_as_perm:=[S!perm : perm in gen_vectors];
Append(~data, rec<RecFormat |  gen_vectors:=gen_vectors_as_perm, cc:=cc, genvec_id:=id>);

gen_vectors:=[[2, 1, 4, 3, 6, 5, 8, 7, 10, 9, 12, 11, 14, 13, 16, 15], [6, 5, 8, 7, 1, 2, 3, 4, 14, 13, 16, 15, 9, 10, 11, 12], [11, 12, 9, 10, 15, 16, 13, 14, 1, 2, 3, 4, 5, 6, 7, 8], [14, 13, 16, 15, 9, 10, 11, 12, 8, 7, 6, 5, 3, 4, 1, 2]];
cc:=[6, 1];
id:=2964;
gen_vectors_as_perm:=[S!perm : perm in gen_vectors];
Append(~data, rec<RecFormat |  gen_vectors:=gen_vectors_as_perm, cc:=cc, genvec_id:=id>);

gen_vectors:=[[2, 1, 4, 3, 6, 5, 8, 7, 10, 9, 12, 11, 14, 13, 16, 15], [6, 5, 8, 7, 1, 2, 3, 4, 14, 13, 16, 15, 9, 10, 11, 12], [10, 9, 12, 11, 14, 13, 16, 15, 4, 3, 2, 1, 8, 7, 6, 5], [15, 16, 13, 14, 12, 11, 10, 9, 5, 6, 7, 8, 2, 1, 4, 3]];
cc:=[7, 1];
id:=2979;
gen_vectors_as_perm:=[S!perm : perm in gen_vectors];
Append(~data, rec<RecFormat |  gen_vectors:=gen_vectors_as_perm, cc:=cc, genvec_id:=id>);

gen_vectors:=[[2, 1, 4, 3, 6, 5, 8, 7, 10, 9, 12, 11, 14, 13, 16, 15], [6, 5, 8, 7, 1, 2, 3, 4, 14, 13, 16, 15, 9, 10, 11, 12], [12, 11, 10, 9, 16, 15, 14, 13, 2, 1, 4, 3, 6, 5, 8, 7], [13, 14, 15, 16, 10, 9, 12, 11, 7, 8, 5, 6, 4, 3, 2, 1]];
cc:=[8, 1];
id:=2990;
gen_vectors_as_perm:=[S!perm : perm in gen_vectors];
Append(~data, rec<RecFormat |  gen_vectors:=gen_vectors_as_perm, cc:=cc, genvec_id:=id>);

gen_vectors:=[[2, 1, 4, 3, 6, 5, 8, 7, 10, 9, 12, 11, 14, 13, 16, 15], [7, 8, 5, 6, 4, 3, 2, 1, 15, 16, 13, 14, 12, 11, 10, 9], [9, 10, 11, 12, 13, 14, 15, 16, 3, 4, 1, 2, 7, 8, 5, 6], [13, 14, 15, 16, 10, 9, 12, 11, 7, 8, 5, 6, 4, 3, 2, 1]];
cc:=[9, 1];
id:=3001;
gen_vectors_as_perm:=[S!perm : perm in gen_vectors];
Append(~data, rec<RecFormat |  gen_vectors:=gen_vectors_as_perm, cc:=cc, genvec_id:=id>);

gen_vectors:=[[2, 1, 4, 3, 6, 5, 8, 7, 10, 9, 12, 11, 14, 13, 16, 15], [7, 8, 5, 6, 4, 3, 2, 1, 15, 16, 13, 14, 12, 11, 10, 9], [11, 12, 9, 10, 15, 16, 13, 14, 1, 2, 3, 4, 5, 6, 7, 8], [15, 16, 13, 14, 12, 11, 10, 9, 5, 6, 7, 8, 2, 1, 4, 3]];
cc:=[10, 1];
id:=3009;
gen_vectors_as_perm:=[S!perm : perm in gen_vectors];
Append(~data, rec<RecFormat |  gen_vectors:=gen_vectors_as_perm, cc:=cc, genvec_id:=id>);

gen_vectors:=[[2, 1, 4, 3, 6, 5, 8, 7, 10, 9, 12, 11, 14, 13, 16, 15], [7, 8, 5, 6, 4, 3, 2, 1, 15, 16, 13, 14, 12, 11, 10, 9], [10, 9, 12, 11, 14, 13, 16, 15, 4, 3, 2, 1, 8, 7, 6, 5], [14, 13, 16, 15, 9, 10, 11, 12, 8, 7, 6, 5, 3, 4, 1, 2]];
cc:=[11, 1];
id:=3016;
gen_vectors_as_perm:=[S!perm : perm in gen_vectors];
Append(~data, rec<RecFormat |  gen_vectors:=gen_vectors_as_perm, cc:=cc, genvec_id:=id>);

gen_vectors:=[[2, 1, 4, 3, 6, 5, 8, 7, 10, 9, 12, 11, 14, 13, 16, 15], [7, 8, 5, 6, 4, 3, 2, 1, 15, 16, 13, 14, 12, 11, 10, 9], [12, 11, 10, 9, 16, 15, 14, 13, 2, 1, 4, 3, 6, 5, 8, 7], [16, 15, 14, 13, 11, 12, 9, 10, 6, 5, 8, 7, 1, 2, 3, 4]];
cc:=[12, 1];
id:=3023;
gen_vectors_as_perm:=[S!perm : perm in gen_vectors];
Append(~data, rec<RecFormat |  gen_vectors:=gen_vectors_as_perm, cc:=cc, genvec_id:=id>);

gen_vectors:=[[2, 1, 4, 3, 6, 5, 8, 7, 10, 9, 12, 11, 14, 13, 16, 15], [8, 7, 6, 5, 3, 4, 1, 2, 16, 15, 14, 13, 11, 12, 9, 10], [9, 10, 11, 12, 13, 14, 15, 16, 3, 4, 1, 2, 7, 8, 5, 6], [14, 13, 16, 15, 9, 10, 11, 12, 8, 7, 6, 5, 3, 4, 1, 2]];
cc:=[13, 1];
id:=3029;
gen_vectors_as_perm:=[S!perm : perm in gen_vectors];
Append(~data, rec<RecFormat |  gen_vectors:=gen_vectors_as_perm, cc:=cc, genvec_id:=id>);

gen_vectors:=[[2, 1, 4, 3, 6, 5, 8, 7, 10, 9, 12, 11, 14, 13, 16, 15], [8, 7, 6, 5, 3, 4, 1, 2, 16, 15, 14, 13, 11, 12, 9, 10], [11, 12, 9, 10, 15, 16, 13, 14, 1, 2, 3, 4, 5, 6, 7, 8], [16, 15, 14, 13, 11, 12, 9, 10, 6, 5, 8, 7, 1, 2, 3, 4]];
cc:=[14, 1];
id:=3034;
gen_vectors_as_perm:=[S!perm : perm in gen_vectors];
Append(~data, rec<RecFormat |  gen_vectors:=gen_vectors_as_perm, cc:=cc, genvec_id:=id>);

gen_vectors:=[[2, 1, 4, 3, 6, 5, 8, 7, 10, 9, 12, 11, 14, 13, 16, 15], [8, 7, 6, 5, 3, 4, 1, 2, 16, 15, 14, 13, 11, 12, 9, 10], [10, 9, 12, 11, 14, 13, 16, 15, 4, 3, 2, 1, 8, 7, 6, 5], [13, 14, 15, 16, 10, 9, 12, 11, 7, 8, 5, 6, 4, 3, 2, 1]];
cc:=[15, 1];
id:=3038;
gen_vectors_as_perm:=[S!perm : perm in gen_vectors];
Append(~data, rec<RecFormat |  gen_vectors:=gen_vectors_as_perm, cc:=cc, genvec_id:=id>);

gen_vectors:=[[2, 1, 4, 3, 6, 5, 8, 7, 10, 9, 12, 11, 14, 13, 16, 15], [8, 7, 6, 5, 3, 4, 1, 2, 16, 15, 14, 13, 11, 12, 9, 10], [12, 11, 10, 9, 16, 15, 14, 13, 2, 1, 4, 3, 6, 5, 8, 7], [15, 16, 13, 14, 12, 11, 10, 9, 5, 6, 7, 8, 2, 1, 4, 3]];
cc:=[16, 1];
id:=3042;
gen_vectors_as_perm:=[S!perm : perm in gen_vectors];
Append(~data, rec<RecFormat |  gen_vectors:=gen_vectors_as_perm, cc:=cc, genvec_id:=id>);

gen_vectors:=[[3, 4, 1, 2, 7, 8, 5, 6, 11, 12, 9, 10, 15, 16, 13, 14], [5, 6, 7, 8, 2, 1, 4, 3, 13, 14, 15, 16, 10, 9, 12, 11], [9, 10, 11, 12, 13, 14, 15, 16, 3, 4, 1, 2, 7, 8, 5, 6], [14, 13, 16, 15, 9, 10, 11, 12, 8, 7, 6, 5, 3, 4, 1, 2]];
cc:=[17, 1];
id:=3046;
gen_vectors_as_perm:=[S!perm : perm in gen_vectors];
Append(~data, rec<RecFormat |  gen_vectors:=gen_vectors_as_perm, cc:=cc, genvec_id:=id>);

gen_vectors:=[[3, 4, 1, 2, 7, 8, 5, 6, 11, 12, 9, 10, 15, 16, 13, 14], [5, 6, 7, 8, 2, 1, 4, 3, 13, 14, 15, 16, 10, 9, 12, 11], [11, 12, 9, 10, 15, 16, 13, 14, 1, 2, 3, 4, 5, 6, 7, 8], [16, 15, 14, 13, 11, 12, 9, 10, 6, 5, 8, 7, 1, 2, 3, 4]];
cc:=[18, 1];
id:=3049;
