load "orbits";
g:=4;
RecFormat:=recformat<gen_vectors,cc, genvec_id,brd_id, top_id>;

data:=[];
label:="4.6-1.0.2-2-3-3-3";
gp_id:=[6,1];
signature:=[0,2,2,3,3,3];

g0:=signature[1];
H:=SmallGroup(gp_id[1],gp_id[2]); n:=#H; LP:=[]; LG:=[g : g in H]; for i in [1..n] do x:=LG[i]; Tx:=[LG[j]*x : j in [1..n]]; permL:=[]; for j in [1..n] do for k in [1..n] do if Tx[j] eq LG[k] then permL[j]:=k; break; end if; end for; end for; Append(~LP,permL); end for; G:=PermutationGroup<n|LP>;
S:=Sym(gp_id[1]);

gen_vectors:=[[4, 6, 5, 1, 3, 2], [4, 6, 5, 1, 3, 2], [2, 3, 1, 5, 6, 4], [2, 3, 1, 5, 6, 4], [2, 3, 1, 5, 6, 4]];
cc:=[1, 1];
id:=667;
gen_vectors_as_perm:=[S!perm : perm in gen_vectors];
Append(~data, rec<RecFormat |  gen_vectors:=gen_vectors_as_perm, cc:=cc, genvec_id:=id>);

gen_vectors:=[[4, 6, 5, 1, 3, 2], [6, 5, 4, 3, 2, 1], [2, 3, 1, 5, 6, 4], [2, 3, 1, 5, 6, 4], [3, 1, 2, 6, 4, 5]];
cc:=[1, 2];
id:=675;
gen_vectors_as_perm:=[S!perm : perm in gen_vectors];
Append(~data, rec<RecFormat |  gen_vectors:=gen_vectors_as_perm, cc:=cc, genvec_id:=id>);

gen_vectors:=[[4, 6, 5, 1, 3, 2], [6, 5, 4, 3, 2, 1], [2, 3, 1, 5, 6, 4], [3, 1, 2, 6, 4, 5], [2, 3, 1, 5, 6, 4]];
cc:=[1, 3];
id:=678;
gen_vectors_as_perm:=[S!perm : perm in gen_vectors];
Append(~data, rec<RecFormat |  gen_vectors:=gen_vectors_as_perm, cc:=cc, genvec_id:=id>);

gen_vectors:=[[4, 6, 5, 1, 3, 2], [6, 5, 4, 3, 2, 1], [3, 1, 2, 6, 4, 5], [2, 3, 1, 5, 6, 4], [2, 3, 1, 5, 6, 4]];
cc:=[1, 4];
id:=681;
gen_vectors_as_perm:=[S!perm : perm in gen_vectors];
Append(~data, rec<RecFormat |  gen_vectors:=gen_vectors_as_perm, cc:=cc, genvec_id:=id>);

FindOrbits(G,signature,data,g0,label,g);


data:=[];
label:="4.5-1.0.5-5-5-5";
gp_id:=[5,1];
signature:=[0,5,5,5,5];

g0:=signature[1];
H:=SmallGroup(gp_id[1],gp_id[2]); n:=#H; LP:=[]; LG:=[g : g in H]; for i in [1..n] do x:=LG[i]; Tx:=[LG[j]*x : j in [1..n]]; permL:=[]; for j in [1..n] do for k in [1..n] do if Tx[j] eq LG[k] then permL[j]:=k; break; end if; end for; end for; Append(~LP,permL); end for; G:=PermutationGroup<n|LP>;
S:=Sym(gp_id[1]);

gen_vectors:=[[2, 3, 4, 5, 1], [2, 3, 4, 5, 1], [2, 3, 4, 5, 1], [3, 4, 5, 1, 2]];
cc:=[1, 1];
id:=556;
gen_vectors_as_perm:=[S!perm : perm in gen_vectors];
Append(~data, rec<RecFormat |  gen_vectors:=gen_vectors_as_perm, cc:=cc, genvec_id:=id>);

gen_vectors:=[[2, 3, 4, 5, 1], [2, 3, 4, 5, 1], [5, 1, 2, 3, 4], [5, 1, 2, 3, 4]];
cc:=[2, 1];
id:=610;
gen_vectors_as_perm:=[S!perm : perm in gen_vectors];
Append(~data, rec<RecFormat |  gen_vectors:=gen_vectors_as_perm, cc:=cc, genvec_id:=id>);

gen_vectors:=[[2, 3, 4, 5, 1], [3, 4, 5, 1, 2], [4, 5, 1, 2, 3], [5, 1, 2, 3, 4]];
cc:=[3, 1];
id:=617;
gen_vectors_as_perm:=[S!perm : perm in gen_vectors];
Append(~data, rec<RecFormat |  gen_vectors:=gen_vectors_as_perm, cc:=cc, genvec_id:=id>);

gen_vectors:=[[2, 3, 4, 5, 1], [4, 5, 1, 2, 3], [4, 5, 1, 2, 3], [4, 5, 1, 2, 3]];
cc:=[4, 1];
id:=629;
gen_vectors_as_perm:=[S!perm : perm in gen_vectors];
Append(~data, rec<RecFormat |  gen_vectors:=gen_vectors_as_perm, cc:=cc, genvec_id:=id>);

gen_vectors:=[[3, 4, 5, 1, 2], [3, 4, 5, 1, 2], [3, 4, 5, 1, 2], [5, 1, 2, 3, 4]];
cc:=[5, 1];
id:=634;
gen_vectors_as_perm:=[S!perm : perm in gen_vectors];
Append(~data, rec<RecFormat |  gen_vectors:=gen_vectors_as_perm, cc:=cc, genvec_id:=id>);

gen_vectors:=[[3, 4, 5, 1, 2], [3, 4, 5, 1, 2], [4, 5, 1, 2, 3], [4, 5, 1, 2, 3]];
cc:=[6, 1];
id:=639;
gen_vectors_as_perm:=[S!perm : perm in gen_vectors];
Append(~data, rec<RecFormat |  gen_vectors:=gen_vectors_as_perm, cc:=cc, genvec_id:=id>);

gen_vectors:=[[4, 5, 1, 2, 3], [5, 1, 2, 3, 4], [5, 1, 2, 3, 4], [5, 1, 2, 3, 4]];
cc:=[7, 1];
id:=642;
gen_vectors_as_perm:=[S!perm : perm in gen_vectors];
Append(~data, rec<RecFormat |  gen_vectors:=gen_vectors_as_perm, cc:=cc, genvec_id:=id>);

FindOrbits(G,signature,data,g0,label,g);


data:=[];
label:="4.3-1.1.3-3-3";
gp_id:=[3,1];
signature:=[1,3,3,3];

g0:=signature[1];
H:=SmallGroup(gp_id[1],gp_id[2]); n:=#H; LP:=[]; LG:=[g : g in H]; for i in [1..n] do x:=LG[i]; Tx:=[LG[j]*x : j in [1..n]]; permL:=[]; for j in [1..n] do for k in [1..n] do if Tx[j] eq LG[k] then permL[j]:=k; break; end if; end for; end for; Append(~LP,permL); end for; G:=PermutationGroup<n|LP>;
S:=Sym(gp_id[1]);

gen_vectors:=[[2, 3, 1], [1, 2, 3], [2, 3, 1], [2, 3, 1], [2, 3, 1]];
cc:=[1, 1];
id:=721;
gen_vectors_as_perm:=[S!perm : perm in gen_vectors];
Append(~data, rec<RecFormat |  gen_vectors:=gen_vectors_as_perm, cc:=cc, genvec_id:=id>);

gen_vectors:=[[2, 3, 1], [1, 2, 3], [3, 1, 2], [3, 1, 2], [3, 1, 2]];
cc:=[2, 1];
id:=764;
gen_vectors_as_perm:=[S!perm : perm in gen_vectors];
Append(~data, rec<RecFormat |  gen_vectors:=gen_vectors_as_perm, cc:=cc, genvec_id:=id>);

FindOrbits(G,signature,data,g0,label,g);


data:=[];
label:="4.9-1.0.9-9-9";
gp_id:=[9,1];
signature:=[0,9,9,9];

g0:=signature[1];
H:=SmallGroup(gp_id[1],gp_id[2]); n:=#H; LP:=[]; LG:=[g : g in H]; for i in [1..n] do x:=LG[i]; Tx:=[LG[j]*x : j in [1..n]]; permL:=[]; for j in [1..n] do for k in [1..n] do if Tx[j] eq LG[k] then permL[j]:=k; break; end if; end for; end for; Append(~LP,permL); end for; G:=PermutationGroup<n|LP>;
S:=Sym(gp_id[1]);

gen_vectors:=[[4, 5, 6, 7, 8, 9, 2, 3, 1], [4, 5, 6, 7, 8, 9, 2, 3, 1], [6, 4, 5, 9, 7, 8, 1, 2, 3]];
cc:=[1, 1];
id:=433;
gen_vectors_as_perm:=[S!perm : perm in gen_vectors];
Append(~data, rec<RecFormat |  gen_vectors:=gen_vectors_as_perm, cc:=cc, genvec_id:=id>);

gen_vectors:=[[4, 5, 6, 7, 8, 9, 2, 3, 1], [5, 6, 4, 8, 9, 7, 3, 1, 2], [5, 6, 4, 8, 9, 7, 3, 1, 2]];
cc:=[2, 1];
id:=458;
gen_vectors_as_perm:=[S!perm : perm in gen_vectors];
Append(~data, rec<RecFormat |  gen_vectors:=gen_vectors_as_perm, cc:=cc, genvec_id:=id>);

gen_vectors:=[[7, 8, 9, 2, 3, 1, 5, 6, 4], [7, 8, 9, 2, 3, 1, 5, 6, 4], [8, 9, 7, 3, 1, 2, 6, 4, 5]];
cc:=[3, 1];
id:=477;
gen_vectors_as_perm:=[S!perm : perm in gen_vectors];
Append(~data, rec<RecFormat |  gen_vectors:=gen_vectors_as_perm, cc:=cc, genvec_id:=id>);

gen_vectors:=[[7, 8, 9, 2, 3, 1, 5, 6, 4], [9, 7, 8, 1, 2, 3, 4, 5, 6], [9, 7, 8, 1, 2, 3, 4, 5, 6]];
cc:=[4, 1];
id:=491;
gen_vectors_as_perm:=[S!perm : perm in gen_vectors];
Append(~data, rec<RecFormat |  gen_vectors:=gen_vectors_as_perm, cc:=cc, genvec_id:=id>);

gen_vectors:=[[5, 6, 4, 8, 9, 7, 3, 1, 2], [6, 4, 5, 9, 7, 8, 1, 2, 3], [6, 4, 5, 9, 7, 8, 1, 2, 3]];
cc:=[5, 1];
id:=500;
gen_vectors_as_perm:=[S!perm : perm in gen_vectors];
Append(~data, rec<RecFormat |  gen_vectors:=gen_vectors_as_perm, cc:=cc, genvec_id:=id>);

gen_vectors:=[[8, 9, 7, 3, 1, 2, 6, 4, 5], [8, 9, 7, 3, 1, 2, 6, 4, 5], [9, 7, 8, 1, 2, 3, 4, 5, 6]];
cc:=[6, 1];
id:=507;
gen_vectors_as_perm:=[S!perm : perm in gen_vectors];
Append(~data, rec<RecFormat |  gen_vectors:=gen_vectors_as_perm, cc:=cc, genvec_id:=id>);

FindOrbits(G,signature,data,g0,label,g);


data:=[];
label:="4.36-12.0.2-6-6";
gp_id:=[36,12];
signature:=[0,2,6,6];

g0:=signature[1];
H:=SmallGroup(gp_id[1],gp_id[2]); n:=#H; LP:=[]; LG:=[g : g in H]; for i in [1..n] do x:=LG[i]; Tx:=[LG[j]*x : j in [1..n]]; permL:=[]; for j in [1..n] do for k in [1..n] do if Tx[j] eq LG[k] then permL[j]:=k; break; end if; end for; end for; Append(~LP,permL); end for; G:=PermutationGroup<n|LP>;
S:=Sym(gp_id[1]);

gen_vectors:=[[19, 21, 20, 22, 24, 23, 25, 27, 26, 28, 30, 29, 31, 33, 32, 34, 36, 35, 1, 3, 2, 4, 6, 5, 7, 9, 8, 10, 12, 11, 13, 15, 14, 16, 18, 17], [14, 15, 13, 17, 18, 16, 11, 12, 10, 5, 6, 4, 8, 9, 7, 2, 3, 1, 32, 33, 31, 35, 36, 34, 29, 30, 28, 23, 24, 22, 26, 27, 25, 20, 21, 19], [35, 34, 36, 29, 28, 30, 32, 31, 33, 26, 25, 27, 20, 19, 21, 23, 22, 24, 17, 16, 18, 11, 10, 12, 14, 13, 15, 8, 7, 9, 2, 1, 3, 5, 4, 6]];
cc:=[1, 1];
id:=428;
gen_vectors_as_perm:=[S!perm : perm in gen_vectors];
Append(~data, rec<RecFormat |  gen_vectors:=gen_vectors_as_perm, cc:=cc, genvec_id:=id>);

gen_vectors:=[[19, 21, 20, 22, 24, 23, 25, 27, 26, 28, 30, 29, 31, 33, 32, 34, 36, 35, 1, 3, 2, 4, 6, 5, 7, 9, 8, 10, 12, 11, 13, 15, 14, 16, 18, 17], [18, 16, 17, 12, 10, 11, 15, 13, 14, 9, 7, 8, 3, 1, 2, 6, 4, 5, 36, 34, 35, 30, 28, 29, 33, 31, 32, 27, 25, 26, 21, 19, 20, 24, 22, 23], [33, 32, 31, 36, 35, 34, 30, 29, 28, 24, 23, 22, 27, 26, 25, 21, 20, 19, 15, 14, 13, 18, 17, 16, 12, 11, 10, 6, 5, 4, 9, 8, 7, 3, 2, 1]];
cc:=[2, 1];
id:=454;
gen_vectors_as_perm:=[S!perm : perm in gen_vectors];
Append(~data, rec<RecFormat |  gen_vectors:=gen_vectors_as_perm, cc:=cc, genvec_id:=id>);

gen_vectors:=[[28, 30, 29, 31, 33, 32, 34, 36, 35, 19, 21, 20, 22, 24, 23, 25, 27, 26, 10, 12, 11, 13, 15, 14, 16, 18, 17, 1, 3, 2, 4, 6, 5, 7, 9, 8], [14, 15, 13, 17, 18, 16, 11, 12, 10, 5, 6, 4, 8, 9, 7, 2, 3, 1, 32, 33, 31, 35, 36, 34, 29, 30, 28, 23, 24, 22, 26, 27, 25, 20, 21, 19], [26, 25, 27, 20, 19, 21, 23, 22, 24, 35, 34, 36, 29, 28, 30, 32, 31, 33, 8, 7, 9, 2, 1, 3, 5, 4, 6, 17, 16, 18, 11, 10, 12, 14, 13, 15]];
cc:=[3, 1];
id:=475;
gen_vectors_as_perm:=[S!perm : perm in gen_vectors];
Append(~data, rec<RecFormat |  gen_vectors:=gen_vectors_as_perm, cc:=cc, genvec_id:=id>);

gen_vectors:=[[28, 30, 29, 31, 33, 32, 34, 36, 35, 19, 21, 20, 22, 24, 23, 25, 27, 26, 10, 12, 11, 13, 15, 14, 16, 18, 17, 1, 3, 2, 4, 6, 5, 7, 9, 8], [18, 16, 17, 12, 10, 11, 15, 13, 14, 9, 7, 8, 3, 1, 2, 6, 4, 5, 36, 34, 35, 30, 28, 29, 33, 31, 32, 27, 25, 26, 21, 19, 20, 24, 22, 23], [24, 23, 22, 27, 26, 25, 21, 20, 19, 33, 32, 31, 36, 35, 34, 30, 29, 28, 6, 5, 4, 9, 8, 7, 3, 2, 1, 15, 14, 13, 18, 17, 16, 12, 11, 10]];
cc:=[4, 1];
id:=489;
gen_vectors_as_perm:=[S!perm : perm in gen_vectors];
Append(~data, rec<RecFormat |  gen_vectors:=gen_vectors_as_perm, cc:=cc, genvec_id:=id>);

FindOrbits(G,signature,data,g0,label,g);


data:=[];
label:="4.24-10.0.2-6-12";
gp_id:=[24,10];
signature:=[0,2,6,12];

g0:=signature[1];
H:=SmallGroup(gp_id[1],gp_id[2]); n:=#H; LP:=[]; LG:=[g : g in H]; for i in [1..n] do x:=LG[i]; Tx:=[LG[j]*x : j in [1..n]]; permL:=[]; for j in [1..n] do for k in [1..n] do if Tx[j] eq LG[k] then permL[j]:=k; break; end if; end for; end for; Append(~LP,permL); end for; G:=PermutationGroup<n|LP>;
S:=Sym(gp_id[1]);

gen_vectors:=[[7, 8, 9, 10, 11, 12, 1, 2, 3, 4, 5, 6, 19, 20, 21, 22, 23, 24, 13, 14, 15, 16, 17, 18], [15, 16, 17, 18, 13, 14, 22, 21, 24, 23, 20, 19, 3, 4, 5, 6, 1, 2, 10, 9, 12, 11, 8, 7], [23, 24, 19, 20, 21, 22, 18, 17, 14, 13, 16, 15, 11, 12, 7, 8, 9, 10, 6, 5, 2, 1, 4, 3]];
cc:=[1, 1];
id:=448;
gen_vectors_as_perm:=[S!perm : perm in gen_vectors];
Append(~data, rec<RecFormat |  gen_vectors:=gen_vectors_as_perm, cc:=cc, genvec_id:=id>);

gen_vectors:=[[7, 8, 9, 10, 11, 12, 1, 2, 3, 4, 5, 6, 19, 20, 21, 22, 23, 24, 13, 14, 15, 16, 17, 18], [17, 18, 13, 14, 15, 16, 24, 23, 20, 19, 22, 21, 5, 6, 1, 2, 3, 4, 12, 11, 8, 7, 10, 9], [21, 22, 23, 24, 19, 20, 16, 15, 18, 17, 14, 13, 9, 10, 11, 12, 7, 8, 4, 3, 6, 5, 2, 1]];
cc:=[2, 1];
id:=470;
gen_vectors_as_perm:=[S!perm : perm in gen_vectors];
Append(~data, rec<RecFormat |  gen_vectors:=gen_vectors_as_perm, cc:=cc, genvec_id:=id>);

gen_vectors:=[[13, 14, 15, 16, 17, 18, 20, 19, 22, 21, 24, 23, 1, 2, 3, 4, 5, 6, 8, 7, 10, 9, 12, 11], [9, 10, 11, 12, 7, 8, 3, 4, 5, 6, 1, 2, 21, 22, 23, 24, 19, 20, 15, 16, 17, 18, 13, 14], [24, 23, 20, 19, 22, 21, 17, 18, 13, 14, 15, 16, 12, 11, 8, 7, 10, 9, 5, 6, 1, 2, 3, 4]];
cc:=[3, 1];
id:=484;
gen_vectors_as_perm:=[S!perm : perm in gen_vectors];
Append(~data, rec<RecFormat |  gen_vectors:=gen_vectors_as_perm, cc:=cc, genvec_id:=id>);

gen_vectors:=[[13, 14, 15, 16, 17, 18, 20, 19, 22, 21, 24, 23, 1, 2, 3, 4, 5, 6, 8, 7, 10, 9, 12, 11], [11, 12, 7, 8, 9, 10, 5, 6, 1, 2, 3, 4, 23, 24, 19, 20, 21, 22, 17, 18, 13, 14, 15, 16], [22, 21, 24, 23, 20, 19, 15, 16, 17, 18, 13, 14, 10, 9, 12, 11, 8, 7, 3, 4, 5, 6, 1, 2]];
cc:=[4, 1];
id:=497;
gen_vectors_as_perm:=[S!perm : perm in gen_vectors];
Append(~data, rec<RecFormat |  gen_vectors:=gen_vectors_as_perm, cc:=cc, genvec_id:=id>);

FindOrbits(G,signature,data,g0,label,g);


data:=[];
label:="4.32-19.0.2-4-16";
gp_id:=[32,19];
signature:=[0,2,4,16];

g0:=signature[1];
H:=SmallGroup(gp_id[1],gp_id[2]); n:=#H; LP:=[]; LG:=[g : g in H]; for i in [1..n] do x:=LG[i]; Tx:=[LG[j]*x : j in [1..n]]; permL:=[]; for j in [1..n] do for k in [1..n] do if Tx[j] eq LG[k] then permL[j]:=k; break; end if; end for; end for; Append(~LP,permL); end for; G:=PermutationGroup<n|LP>;
S:=Sym(gp_id[1]);

gen_vectors:=[[9, 10, 12, 11, 15, 16, 13, 14, 1, 2, 4, 3, 7, 8, 5, 6, 25, 26, 28, 27, 31, 32, 29, 30, 17, 18, 20, 19, 23, 24, 21, 22], [18, 17, 19, 20, 24, 23, 22, 21, 30, 29, 31, 32, 26, 25, 27, 28, 1, 2, 4, 3, 7, 8, 5, 6, 13, 14, 16, 15, 9, 10, 12, 11], [25, 26, 27, 28, 29, 30, 31, 32, 23, 24, 22, 21, 17, 18, 19, 20, 10, 9, 12, 11, 14, 13, 16, 15, 8, 7, 5, 6, 2, 1, 4, 3]];
cc:=[1, 1];
id:=427;
gen_vectors_as_perm:=[S!perm : perm in gen_vectors];
Append(~data, rec<RecFormat |  gen_vectors:=gen_vectors_as_perm, cc:=cc, genvec_id:=id>);

gen_vectors:=[[9, 10, 12, 11, 15, 16, 13, 14, 1, 2, 4, 3, 7, 8, 5, 6, 25, 26, 28, 27, 31, 32, 29, 30, 17, 18, 20, 19, 23, 24, 21, 22], [19, 20, 17, 18, 22, 21, 23, 24, 31, 32, 29, 30, 27, 28, 25, 26, 4, 3, 2, 1, 5, 6, 8, 7, 16, 15, 14, 13, 12, 11, 10, 9], [27, 28, 26, 25, 31, 32, 30, 29, 22, 21, 24, 23, 19, 20, 18, 17, 12, 11, 9, 10, 16, 15, 13, 14, 5, 6, 7, 8, 4, 3, 1, 2]];
cc:=[2, 1];
id:=453;
gen_vectors_as_perm:=[S!perm : perm in gen_vectors];
Append(~data, rec<RecFormat |  gen_vectors:=gen_vectors_as_perm, cc:=cc, genvec_id:=id>);

gen_vectors:=[[9, 10, 12, 11, 15, 16, 13, 14, 1, 2, 4, 3, 7, 8, 5, 6, 25, 26, 28, 27, 31, 32, 29, 30, 17, 18, 20, 19, 23, 24, 21, 22], [17, 18, 20, 19, 23, 24, 21, 22, 29, 30, 32, 31, 25, 26, 28, 27, 2, 1, 3, 4, 8, 7, 6, 5, 14, 13, 15, 16, 10, 9, 11, 12], [26, 25, 28, 27, 30, 29, 32, 31, 24, 23, 21, 22, 18, 17, 20, 19, 9, 10, 11, 12, 13, 14, 15, 16, 7, 8, 6, 5, 1, 2, 3, 4]];
cc:=[3, 1];
id:=474;
gen_vectors_as_perm:=[S!perm : perm in gen_vectors];
Append(~data, rec<RecFormat |  gen_vectors:=gen_vectors_as_perm, cc:=cc, genvec_id:=id>);

gen_vectors:=[[9, 10, 12, 11, 15, 16, 13, 14, 1, 2, 4, 3, 7, 8, 5, 6, 25, 26, 28, 27, 31, 32, 29, 30, 17, 18, 20, 19, 23, 24, 21, 22], [20, 19, 18, 17, 21, 22, 24, 23, 32, 31, 30, 29, 28, 27, 26, 25, 3, 4, 1, 2, 6, 5, 7, 8, 15, 16, 13, 14, 11, 12, 9, 10], [28, 27, 25, 26, 32, 31, 29, 30, 21, 22, 23, 24, 20, 19, 17, 18, 11, 12, 10, 9, 15, 16, 14, 13, 6, 5, 8, 7, 3, 4, 2, 1]];
cc:=[4, 1];
id:=488;
gen_vectors_as_perm:=[S!perm : perm in gen_vectors];
Append(~data, rec<RecFormat |  gen_vectors:=gen_vectors_as_perm, cc:=cc, genvec_id:=id>);

FindOrbits(G,signature,data,g0,label,g);


data:=[];
label:="4.10-2.0.5-10-10";
gp_id:=[10,2];
signature:=[0,5,10,10];

g0:=signature[1];
H:=SmallGroup(gp_id[1],gp_id[2]); n:=#H; LP:=[]; LG:=[g : g in H]; for i in [1..n] do x:=LG[i]; Tx:=[LG[j]*x : j in [1..n]]; permL:=[]; for j in [1..n] do for k in [1..n] do if Tx[j] eq LG[k] then permL[j]:=k; break; end if; end for; end for; Append(~LP,permL); end for; G:=PermutationGroup<n|LP>;
S:=Sym(gp_id[1]);

gen_vectors:=[[2, 3, 4, 5, 1, 7, 8, 9, 10, 6], [7, 8, 9, 10, 6, 2, 3, 4, 5, 1], [9, 10, 6, 7, 8, 4, 5, 1, 2, 3]];
cc:=[1, 1];
id:=446;
gen_vectors_as_perm:=[S!perm : perm in gen_vectors];
Append(~data, rec<RecFormat |  gen_vectors:=gen_vectors_as_perm, cc:=cc, genvec_id:=id>);

gen_vectors:=[[2, 3, 4, 5, 1, 7, 8, 9, 10, 6], [8, 9, 10, 6, 7, 3, 4, 5, 1, 2], [8, 9, 10, 6, 7, 3, 4, 5, 1, 2]];
cc:=[2, 1];
id:=459;
gen_vectors_as_perm:=[S!perm : perm in gen_vectors];
Append(~data, rec<RecFormat |  gen_vectors:=gen_vectors_as_perm, cc:=cc, genvec_id:=id>);

gen_vectors:=[[3, 4, 5, 1, 2, 8, 9, 10, 6, 7], [7, 8, 9, 10, 6, 2, 3, 4, 5, 1], [8, 9, 10, 6, 7, 3, 4, 5, 1, 2]];
cc:=[3, 1];
id:=483;
gen_vectors_as_perm:=[S!perm : perm in gen_vectors];
Append(~data, rec<RecFormat |  gen_vectors:=gen_vectors_as_perm, cc:=cc, genvec_id:=id>);

gen_vectors:=[[3, 4, 5, 1, 2, 8, 9, 10, 6, 7], [10, 6, 7, 8, 9, 5, 1, 2, 3, 4], [10, 6, 7, 8, 9, 5, 1, 2, 3, 4]];
cc:=[4, 1];
id:=492;
gen_vectors_as_perm:=[S!perm : perm in gen_vectors];
Append(~data, rec<RecFormat |  gen_vectors:=gen_vectors_as_perm, cc:=cc, genvec_id:=id>);

gen_vectors:=[[4, 5, 1, 2, 3, 9, 10, 6, 7, 8], [7, 8, 9, 10, 6, 2, 3, 4, 5, 1], [7, 8, 9, 10, 6, 2, 3, 4, 5, 1]];
cc:=[5, 1];
id:=501;
gen_vectors_as_perm:=[S!perm : perm in gen_vectors];
Append(~data, rec<RecFormat |  gen_vectors:=gen_vectors_as_perm, cc:=cc, genvec_id:=id>);

gen_vectors:=[[4, 5, 1, 2, 3, 9, 10, 6, 7, 8], [9, 10, 6, 7, 8, 4, 5, 1, 2, 3], [10, 6, 7, 8, 9, 5, 1, 2, 3, 4]];
cc:=[6, 1];
id:=511;
gen_vectors_as_perm:=[S!perm : perm in gen_vectors];
Append(~data, rec<RecFormat |  gen_vectors:=gen_vectors_as_perm, cc:=cc, genvec_id:=id>);

gen_vectors:=[[5, 1, 2, 3, 4, 10, 6, 7, 8, 9], [9, 10, 6, 7, 8, 4, 5, 1, 2, 3], [9, 10, 6, 7, 8, 4, 5, 1, 2, 3]];
cc:=[7, 1];
id:=513;
gen_vectors_as_perm:=[S!perm : perm in gen_vectors];
Append(~data, rec<RecFormat |  gen_vectors:=gen_vectors_as_perm, cc:=cc, genvec_id:=id>);

gen_vectors:=[[5, 1, 2, 3, 4, 10, 6, 7, 8, 9], [8, 9, 10, 6, 7, 3, 4, 5, 1, 2], [10, 6, 7, 8, 9, 5, 1, 2, 3, 4]];
cc:=[8, 1];
id:=519;
gen_vectors_as_perm:=[S!perm : perm in gen_vectors];
Append(~data, rec<RecFormat |  gen_vectors:=gen_vectors_as_perm, cc:=cc, genvec_id:=id>);

FindOrbits(G,signature,data,g0,label,g);


data:=[];
label:="4.12-4.0.2-2-3-6";
gp_id:=[12,4];
signature:=[0,2,2,3,6];

g0:=signature[1];
H:=SmallGroup(gp_id[1],gp_id[2]); n:=#H; LP:=[]; LG:=[g : g in H]; for i in [1..n] do x:=LG[i]; Tx:=[LG[j]*x : j in [1..n]]; permL:=[]; for j in [1..n] do for k in [1..n] do if Tx[j] eq LG[k] then permL[j]:=k; break; end if; end for; end for; Append(~LP,permL); end for; G:=PermutationGroup<n|LP>;
S:=Sym(gp_id[1]);

gen_vectors:=[[7, 9, 8, 10, 12, 11, 1, 3, 2, 4, 6, 5], [10, 12, 11, 7, 9, 8, 4, 6, 5, 1, 3, 2], [2, 3, 1, 5, 6, 4, 8, 9, 7, 11, 12, 10], [6, 4, 5, 3, 1, 2, 12, 10, 11, 9, 7, 8]];
cc:=[1, 1];
id:=543;
gen_vectors_as_perm:=[S!perm : perm in gen_vectors];
Append(~data, rec<RecFormat |  gen_vectors:=gen_vectors_as_perm, cc:=cc, genvec_id:=id>);

gen_vectors:=[[7, 9, 8, 10, 12, 11, 1, 3, 2, 4, 6, 5], [12, 11, 10, 9, 8, 7, 6, 5, 4, 3, 2, 1], [3, 1, 2, 6, 4, 5, 9, 7, 8, 12, 10, 11], [6, 4, 5, 3, 1, 2, 12, 10, 11, 9, 7, 8]];
cc:=[1, 2];
id:=559;
gen_vectors_as_perm:=[S!perm : perm in gen_vectors];
Append(~data, rec<RecFormat |  gen_vectors:=gen_vectors_as_perm, cc:=cc, genvec_id:=id>);

FindOrbits(G,signature,data,g0,label,g);


data:=[];
label:="4.4-1.0.2-4-4-4-4";
gp_id:=[4,1];
signature:=[0,2,4,4,4,4];

g0:=signature[1];
H:=SmallGroup(gp_id[1],gp_id[2]); n:=#H; LP:=[]; LG:=[g : g in H]; for i in [1..n] do x:=LG[i]; Tx:=[LG[j]*x : j in [1..n]]; permL:=[]; for j in [1..n] do for k in [1..n] do if Tx[j] eq LG[k] then permL[j]:=k; break; end if; end for; end for; Append(~LP,permL); end for; G:=PermutationGroup<n|LP>;
S:=Sym(gp_id[1]);

gen_vectors:=[[2, 1, 4, 3], [3, 4, 2, 1], [3, 4, 2, 1], [3, 4, 2, 1], [4, 3, 1, 2]];
cc:=[1, 1];
id:=666;
gen_vectors_as_perm:=[S!perm : perm in gen_vectors];
Append(~data, rec<RecFormat |  gen_vectors:=gen_vectors_as_perm, cc:=cc, genvec_id:=id>);

gen_vectors:=[[2, 1, 4, 3], [3, 4, 2, 1], [4, 3, 1, 2], [4, 3, 1, 2], [4, 3, 1, 2]];
cc:=[2, 1];
id:=703;
gen_vectors_as_perm:=[S!perm : perm in gen_vectors];
Append(~data, rec<RecFormat |  gen_vectors:=gen_vectors_as_perm, cc:=cc, genvec_id:=id>);

FindOrbits(G,signature,data,g0,label,g);


data:=[];
label:="4.18-2.0.2-9-18";
gp_id:=[18,2];
signature:=[0,2,9,18];

g0:=signature[1];
H:=SmallGroup(gp_id[1],gp_id[2]); n:=#H; LP:=[]; LG:=[g : g in H]; for i in [1..n] do x:=LG[i]; Tx:=[LG[j]*x : j in [1..n]]; permL:=[]; for j in [1..n] do for k in [1..n] do if Tx[j] eq LG[k] then permL[j]:=k; break; end if; end for; end for; Append(~LP,permL); end for; G:=PermutationGroup<n|LP>;
S:=Sym(gp_id[1]);

gen_vectors:=[[10, 11, 12, 13, 14, 15, 16, 17, 18, 1, 2, 3, 4, 5, 6, 7, 8, 9], [4, 5, 6, 7, 8, 9, 2, 3, 1, 13, 14, 15, 16, 17, 18, 11, 12, 10], [18, 16, 17, 10, 11, 12, 13, 14, 15, 9, 7, 8, 1, 2, 3, 4, 5, 6]];
cc:=[1, 1];
id:=425;
gen_vectors_as_perm:=[S!perm : perm in gen_vectors];
Append(~data, rec<RecFormat |  gen_vectors:=gen_vectors_as_perm, cc:=cc, genvec_id:=id>);

gen_vectors:=[[10, 11, 12, 13, 14, 15, 16, 17, 18, 1, 2, 3, 4, 5, 6, 7, 8, 9], [7, 8, 9, 2, 3, 1, 5, 6, 4, 16, 17, 18, 11, 12, 10, 14, 15, 13], [15, 13, 14, 18, 16, 17, 10, 11, 12, 6, 4, 5, 9, 7, 8, 1, 2, 3]];
cc:=[2, 1];
id:=451;
gen_vectors_as_perm:=[S!perm : perm in gen_vectors];
Append(~data, rec<RecFormat |  gen_vectors:=gen_vectors_as_perm, cc:=cc, genvec_id:=id>);

gen_vectors:=[[10, 11, 12, 13, 14, 15, 16, 17, 18, 1, 2, 3, 4, 5, 6, 7, 8, 9], [5, 6, 4, 8, 9, 7, 3, 1, 2, 14, 15, 13, 17, 18, 16, 12, 10, 11], [17, 18, 16, 12, 10, 11, 15, 13, 14, 8, 9, 7, 3, 1, 2, 6, 4, 5]];
cc:=[3, 1];
id:=473;
gen_vectors_as_perm:=[S!perm : perm in gen_vectors];
Append(~data, rec<RecFormat |  gen_vectors:=gen_vectors_as_perm, cc:=cc, genvec_id:=id>);

gen_vectors:=[[10, 11, 12, 13, 14, 15, 16, 17, 18, 1, 2, 3, 4, 5, 6, 7, 8, 9], [8, 9, 7, 3, 1, 2, 6, 4, 5, 17, 18, 16, 12, 10, 11, 15, 13, 14], [14, 15, 13, 17, 18, 16, 12, 10, 11, 5, 6, 4, 8, 9, 7, 3, 1, 2]];
cc:=[4, 1];
id:=487;
gen_vectors_as_perm:=[S!perm : perm in gen_vectors];
Append(~data, rec<RecFormat |  gen_vectors:=gen_vectors_as_perm, cc:=cc, genvec_id:=id>);

gen_vectors:=[[10, 11, 12, 13, 14, 15, 16, 17, 18, 1, 2, 3, 4, 5, 6, 7, 8, 9], [6, 4, 5, 9, 7, 8, 1, 2, 3, 15, 13, 14, 18, 16, 17, 10, 11, 12], [16, 17, 18, 11, 12, 10, 14, 15, 13, 7, 8, 9, 2, 3, 1, 5, 6, 4]];
cc:=[5, 1];
id:=499;
gen_vectors_as_perm:=[S!perm : perm in gen_vectors];
Append(~data, rec<RecFormat |  gen_vectors:=gen_vectors_as_perm, cc:=cc, genvec_id:=id>);

gen_vectors:=[[10, 11, 12, 13, 14, 15, 16, 17, 18, 1, 2, 3, 4, 5, 6, 7, 8, 9], [9, 7, 8, 1, 2, 3, 4, 5, 6, 18, 16, 17, 10, 11, 12, 13, 14, 15], [13, 14, 15, 16, 17, 18, 11, 12, 10, 4, 5, 6, 7, 8, 9, 2, 3, 1]];
cc:=[6, 1];
id:=506;
gen_vectors_as_perm:=[S!perm : perm in gen_vectors];
Append(~data, rec<RecFormat |  gen_vectors:=gen_vectors_as_perm, cc:=cc, genvec_id:=id>);

FindOrbits(G,signature,data,g0,label,g);


data:=[];
label:="4.4-2.0.2-2-2-2-2-2-2";
gp_id:=[4,2];
signature:=[0,2,2,2,2,2,2,2];

g0:=signature[1];
H:=SmallGroup(gp_id[1],gp_id[2]); n:=#H; LP:=[]; LG:=[g : g in H]; for i in [1..n] do x:=LG[i]; Tx:=[LG[j]*x : j in [1..n]]; permL:=[]; for j in [1..n] do for k in [1..n] do if Tx[j] eq LG[k] then permL[j]:=k; break; end if; end for; end for; Append(~LP,permL); end for; G:=PermutationGroup<n|LP>;
S:=Sym(gp_id[1]);

gen_vectors:=[[2, 1, 4, 3], [2, 1, 4, 3], [2, 1, 4, 3], [2, 1, 4, 3], [2, 1, 4, 3], [3, 4, 1, 2], [4, 3, 2, 1]];
cc:=[1, 1];
id:=766;
gen_vectors_as_perm:=[S!perm : perm in gen_vectors];
Append(~data, rec<RecFormat |  gen_vectors:=gen_vectors_as_perm, cc:=cc, genvec_id:=id>);

gen_vectors:=[[2, 1, 4, 3], [2, 1, 4, 3], [2, 1, 4, 3], [3, 4, 1, 2], [3, 4, 1, 2], [3, 4, 1, 2], [4, 3, 2, 1]];
cc:=[2, 1];
id:=767;
gen_vectors_as_perm:=[S!perm : perm in gen_vectors];
Append(~data, rec<RecFormat |  gen_vectors:=gen_vectors_as_perm, cc:=cc, genvec_id:=id>);

gen_vectors:=[[2, 1, 4, 3], [2, 1, 4, 3], [2, 1, 4, 3], [3, 4, 1, 2], [4, 3, 2, 1], [4, 3, 2, 1], [4, 3, 2, 1]];
cc:=[3, 1];
id:=768;
gen_vectors_as_perm:=[S!perm : perm in gen_vectors];
Append(~data, rec<RecFormat |  gen_vectors:=gen_vectors_as_perm, cc:=cc, genvec_id:=id>);

gen_vectors:=[[2, 1, 4, 3], [3, 4, 1, 2], [3, 4, 1, 2], [3, 4, 1, 2], [3, 4, 1, 2], [3, 4, 1, 2], [4, 3, 2, 1]];
cc:=[4, 1];
id:=769;
gen_vectors_as_perm:=[S!perm : perm in gen_vectors];
Append(~data, rec<RecFormat |  gen_vectors:=gen_vectors_as_perm, cc:=cc, genvec_id:=id>);

gen_vectors:=[[2, 1, 4, 3], [3, 4, 1, 2], [3, 4, 1, 2], [3, 4, 1, 2], [4, 3, 2, 1], [4, 3, 2, 1], [4, 3, 2, 1]];
cc:=[5, 1];
id:=770;
gen_vectors_as_perm:=[S!perm : perm in gen_vectors];
Append(~data, rec<RecFormat |  gen_vectors:=gen_vectors_as_perm, cc:=cc, genvec_id:=id>);

gen_vectors:=[[2, 1, 4, 3], [3, 4, 1, 2], [4, 3, 2, 1], [4, 3, 2, 1], [4, 3, 2, 1], [4, 3, 2, 1], [4, 3, 2, 1]];
cc:=[6, 1];
id:=771;
gen_vectors_as_perm:=[S!perm : perm in gen_vectors];
Append(~data, rec<RecFormat |  gen_vectors:=gen_vectors_as_perm, cc:=cc, genvec_id:=id>);

FindOrbits(G,signature,data,g0,label,g);


data:=[];
label:="4.18-4.0.2-2-3-3";
gp_id:=[18,4];
signature:=[0,2,2,3,3];

g0:=signature[1];
H:=SmallGroup(gp_id[1],gp_id[2]); n:=#H; LP:=[]; LG:=[g : g in H]; for i in [1..n] do x:=LG[i]; Tx:=[LG[j]*x : j in [1..n]]; permL:=[]; for j in [1..n] do for k in [1..n] do if Tx[j] eq LG[k] then permL[j]:=k; break; end if; end for; end for; Append(~LP,permL); end for; G:=PermutationGroup<n|LP>;
S:=Sym(gp_id[1]);

gen_vectors:=[[10, 12, 11, 16, 18, 17, 13, 15, 14, 1, 3, 2, 7, 9, 8, 4, 6, 5], [18, 17, 16, 15, 14, 13, 12, 11, 10, 9, 8, 7, 6, 5, 4, 3, 2, 1], [2, 3, 1, 5, 6, 4, 8, 9, 7, 11, 12, 10, 14, 15, 13, 17, 18, 16], [4, 5, 6, 7, 8, 9, 1, 2, 3, 13, 14, 15, 16, 17, 18, 10, 11, 12]];
cc:=[1, 1];
id:=555;
gen_vectors_as_perm:=[S!perm : perm in gen_vectors];
Append(~data, rec<RecFormat |  gen_vectors:=gen_vectors_as_perm, cc:=cc, genvec_id:=id>);

gen_vectors:=[[10, 12, 11, 16, 18, 17, 13, 15, 14, 1, 3, 2, 7, 9, 8, 4, 6, 5], [17, 16, 18, 14, 13, 15, 11, 10, 12, 8, 7, 9, 5, 4, 6, 2, 1, 3], [3, 1, 2, 6, 4, 5, 9, 7, 8, 12, 10, 11, 15, 13, 14, 18, 16, 17], [4, 5, 6, 7, 8, 9, 1, 2, 3, 13, 14, 15, 16, 17, 18, 10, 11, 12]];
cc:=[1, 2];
id:=562;
gen_vectors_as_perm:=[S!perm : perm in gen_vectors];
Append(~data, rec<RecFormat |  gen_vectors:=gen_vectors_as_perm, cc:=cc, genvec_id:=id>);

gen_vectors:=[[10, 12, 11, 16, 18, 17, 13, 15, 14, 1, 3, 2, 7, 9, 8, 4, 6, 5], [16, 18, 17, 13, 15, 14, 10, 12, 11, 7, 9, 8, 4, 6, 5, 1, 3, 2], [3, 1, 2, 6, 4, 5, 9, 7, 8, 12, 10, 11, 15, 13, 14, 18, 16, 17], [5, 6, 4, 8, 9, 7, 2, 3, 1, 14, 15, 13, 17, 18, 16, 11, 12, 10]];
cc:=[2, 1];
id:=609;
gen_vectors_as_perm:=[S!perm : perm in gen_vectors];
Append(~data, rec<RecFormat |  gen_vectors:=gen_vectors_as_perm, cc:=cc, genvec_id:=id>);

gen_vectors:=[[10, 12, 11, 16, 18, 17, 13, 15, 14, 1, 3, 2, 7, 9, 8, 4, 6, 5], [17, 16, 18, 14, 13, 15, 11, 10, 12, 8, 7, 9, 5, 4, 6, 2, 1, 3], [2, 3, 1, 5, 6, 4, 8, 9, 7, 11, 12, 10, 14, 15, 13, 17, 18, 16], [5, 6, 4, 8, 9, 7, 2, 3, 1, 14, 15, 13, 17, 18, 16, 11, 12, 10]];
cc:=[2, 2];
id:=613;
gen_vectors_as_perm:=[S!perm : perm in gen_vectors];
Append(~data, rec<RecFormat |  gen_vectors:=gen_vectors_as_perm, cc:=cc, genvec_id:=id>);

gen_vectors:=[[10, 12, 11, 16, 18, 17, 13, 15, 14, 1, 3, 2, 7, 9, 8, 4, 6, 5], [16, 18, 17, 13, 15, 14, 10, 12, 11, 7, 9, 8, 4, 6, 5, 1, 3, 2], [2, 3, 1, 5, 6, 4, 8, 9, 7, 11, 12, 10, 14, 15, 13, 17, 18, 16], [6, 4, 5, 9, 7, 8, 3, 1, 2, 15, 13, 14, 18, 16, 17, 12, 10, 11]];
cc:=[3, 1];
id:=622;
gen_vectors_as_perm:=[S!perm : perm in gen_vectors];
Append(~data, rec<RecFormat |  gen_vectors:=gen_vectors_as_perm, cc:=cc, genvec_id:=id>);

gen_vectors:=[[10, 12, 11, 16, 18, 17, 13, 15, 14, 1, 3, 2, 7, 9, 8, 4, 6, 5], [18, 17, 16, 15, 14, 13, 12, 11, 10, 9, 8, 7, 6, 5, 4, 3, 2, 1], [3, 1, 2, 6, 4, 5, 9, 7, 8, 12, 10, 11, 15, 13, 14, 18, 16, 17], [6, 4, 5, 9, 7, 8, 3, 1, 2, 15, 13, 14, 18, 16, 17, 12, 10, 11]];
cc:=[3, 2];
id:=625;
gen_vectors_as_perm:=[S!perm : perm in gen_vectors];
Append(~data, rec<RecFormat |  gen_vectors:=gen_vectors_as_perm, cc:=cc, genvec_id:=id>);

gen_vectors:=[[10, 12, 11, 16, 18, 17, 13, 15, 14, 1, 3, 2, 7, 9, 8, 4, 6, 5], [12, 11, 10, 18, 17, 16, 15, 14, 13, 3, 2, 1, 9, 8, 7, 6, 5, 4], [7, 8, 9, 1, 2, 3, 4, 5, 6, 16, 17, 18, 10, 11, 12, 13, 14, 15], [5, 6, 4, 8, 9, 7, 2, 3, 1, 14, 15, 13, 17, 18, 16, 11, 12, 10]];
cc:=[4, 1];
id:=628;
gen_vectors_as_perm:=[S!perm : perm in gen_vectors];
Append(~data, rec<RecFormat |  gen_vectors:=gen_vectors_as_perm, cc:=cc, genvec_id:=id>);

gen_vectors:=[[10, 12, 11, 16, 18, 17, 13, 15, 14, 1, 3, 2, 7, 9, 8, 4, 6, 5], [17, 16, 18, 14, 13, 15, 11, 10, 12, 8, 7, 9, 5, 4, 6, 2, 1, 3], [7, 8, 9, 1, 2, 3, 4, 5, 6, 16, 17, 18, 10, 11, 12, 13, 14, 15], [9, 7, 8, 3, 1, 2, 6, 4, 5, 18, 16, 17, 12, 10, 11, 15, 13, 14]];
cc:=[4, 2];
id:=630;
gen_vectors_as_perm:=[S!perm : perm in gen_vectors];
Append(~data, rec<RecFormat |  gen_vectors:=gen_vectors_as_perm, cc:=cc, genvec_id:=id>);

gen_vectors:=[[10, 12, 11, 16, 18, 17, 13, 15, 14, 1, 3, 2, 7, 9, 8, 4, 6, 5], [12, 11, 10, 18, 17, 16, 15, 14, 13, 3, 2, 1, 9, 8, 7, 6, 5, 4], [4, 5, 6, 7, 8, 9, 1, 2, 3, 13, 14, 15, 16, 17, 18, 10, 11, 12], [8, 9, 7, 2, 3, 1, 5, 6, 4, 17, 18, 16, 11, 12, 10, 14, 15, 13]];
cc:=[5, 1];
id:=633;
gen_vectors_as_perm:=[S!perm : perm in gen_vectors];
Append(~data, rec<RecFormat |  gen_vectors:=gen_vectors_as_perm, cc:=cc, genvec_id:=id>);

gen_vectors:=[[10, 12, 11, 16, 18, 17, 13, 15, 14, 1, 3, 2, 7, 9, 8, 4, 6, 5], [18, 17, 16, 15, 14, 13, 12, 11, 10, 9, 8, 7, 6, 5, 4, 3, 2, 1], [7, 8, 9, 1, 2, 3, 4, 5, 6, 16, 17, 18, 10, 11, 12, 13, 14, 15], [8, 9, 7, 2, 3, 1, 5, 6, 4, 17, 18, 16, 11, 12, 10, 14, 15, 13]];
cc:=[5, 2];
id:=635;
gen_vectors_as_perm:=[S!perm : perm in gen_vectors];
Append(~data, rec<RecFormat |  gen_vectors:=gen_vectors_as_perm, cc:=cc, genvec_id:=id>);

gen_vectors:=[[10, 12, 11, 16, 18, 17, 13, 15, 14, 1, 3, 2, 7, 9, 8, 4, 6, 5], [12, 11, 10, 18, 17, 16, 15, 14, 13, 3, 2, 1, 9, 8, 7, 6, 5, 4], [9, 7, 8, 3, 1, 2, 6, 4, 5, 18, 16, 17, 12, 10, 11, 15, 13, 14], [6, 4, 5, 9, 7, 8, 3, 1, 2, 15, 13, 14, 18, 16, 17, 12, 10, 11]];
cc:=[6, 1];
id:=638;
gen_vectors_as_perm:=[S!perm : perm in gen_vectors];
Append(~data, rec<RecFormat |  gen_vectors:=gen_vectors_as_perm, cc:=cc, genvec_id:=id>);

gen_vectors:=[[10, 12, 11, 16, 18, 17, 13, 15, 14, 1, 3, 2, 7, 9, 8, 4, 6, 5], [16, 18, 17, 13, 15, 14, 10, 12, 11, 7, 9, 8, 4, 6, 5, 1, 3, 2], [9, 7, 8, 3, 1, 2, 6, 4, 5, 18, 16, 17, 12, 10, 11, 15, 13, 14], [8, 9, 7, 2, 3, 1, 5, 6, 4, 17, 18, 16, 11, 12, 10, 14, 15, 13]];
cc:=[6, 2];
id:=640;
gen_vectors_as_perm:=[S!perm : perm in gen_vectors];
Append(~data, rec<RecFormat |  gen_vectors:=gen_vectors_as_perm, cc:=cc, genvec_id:=id>);

FindOrbits(G,signature,data,g0,label,g);


data:=[];
label:="4.4-2.1.2-2-2";
gp_id:=[4,2];
signature:=[1,2,2,2];

g0:=signature[1];
H:=SmallGroup(gp_id[1],gp_id[2]); n:=#H; LP:=[]; LG:=[g : g in H]; for i in [1..n] do x:=LG[i]; Tx:=[LG[j]*x : j in [1..n]]; permL:=[]; for j in [1..n] do for k in [1..n] do if Tx[j] eq LG[k] then permL[j]:=k; break; end if; end for; end for; Append(~LP,permL); end for; G:=PermutationGroup<n|LP>;
S:=Sym(gp_id[1]);

gen_vectors:=[[2, 1, 4, 3], [3, 4, 1, 2], [2, 1, 4, 3], [3, 4, 1, 2], [4, 3, 2, 1]];
cc:=[1, 1];
id:=722;
gen_vectors_as_perm:=[S!perm : perm in gen_vectors];
Append(~data, rec<RecFormat |  gen_vectors:=gen_vectors_as_perm, cc:=cc, genvec_id:=id>);

FindOrbits(G,signature,data,g0,label,g);


data:=[];
label:="4.6-2.1.2-2";
gp_id:=[6,2];
signature:=[1,2,2];

g0:=signature[1];
H:=SmallGroup(gp_id[1],gp_id[2]); n:=#H; LP:=[]; LG:=[g : g in H]; for i in [1..n] do x:=LG[i]; Tx:=[LG[j]*x : j in [1..n]]; permL:=[]; for j in [1..n] do for k in [1..n] do if Tx[j] eq LG[k] then permL[j]:=k; break; end if; end for; end for; Append(~LP,permL); end for; G:=PermutationGroup<n|LP>;
S:=Sym(gp_id[1]);

gen_vectors:=[[4, 5, 6, 1, 2, 3], [2, 3, 1, 5, 6, 4], [4, 5, 6, 1, 2, 3], [4, 5, 6, 1, 2, 3]];
cc:=[1, 1];
id:=674;
gen_vectors_as_perm:=[S!perm : perm in gen_vectors];
Append(~data, rec<RecFormat |  gen_vectors:=gen_vectors_as_perm, cc:=cc, genvec_id:=id>);

FindOrbits(G,signature,data,g0,label,g);


data:=[];
label:="4.3-1.0.3-3-3-3-3-3";
gp_id:=[3,1];
signature:=[0,3,3,3,3,3,3];

g0:=signature[1];
H:=SmallGroup(gp_id[1],gp_id[2]); n:=#H; LP:=[]; LG:=[g : g in H]; for i in [1..n] do x:=LG[i]; Tx:=[LG[j]*x : j in [1..n]]; permL:=[]; for j in [1..n] do for k in [1..n] do if Tx[j] eq LG[k] then permL[j]:=k; break; end if; end for; end for; Append(~LP,permL); end for; G:=PermutationGroup<n|LP>;
S:=Sym(gp_id[1]);

gen_vectors:=[[2, 3, 1], [2, 3, 1], [2, 3, 1], [2, 3, 1], [2, 3, 1], [2, 3, 1]];
cc:=[1, 1];
id:=718;
gen_vectors_as_perm:=[S!perm : perm in gen_vectors];
Append(~data, rec<RecFormat |  gen_vectors:=gen_vectors_as_perm, cc:=cc, genvec_id:=id>);

gen_vectors:=[[2, 3, 1], [2, 3, 1], [2, 3, 1], [3, 1, 2], [3, 1, 2], [3, 1, 2]];
cc:=[2, 1];
id:=763;
gen_vectors_as_perm:=[S!perm : perm in gen_vectors];
Append(~data, rec<RecFormat |  gen_vectors:=gen_vectors_as_perm, cc:=cc, genvec_id:=id>);

gen_vectors:=[[3, 1, 2], [3, 1, 2], [3, 1, 2], [3, 1, 2], [3, 1, 2], [3, 1, 2]];
cc:=[3, 1];
id:=765;
gen_vectors_as_perm:=[S!perm : perm in gen_vectors];
Append(~data, rec<RecFormat |  gen_vectors:=gen_vectors_as_perm, cc:=cc, genvec_id:=id>);

FindOrbits(G,signature,data,g0,label,g);


data:=[];
label:="4.12-3.1.2";
gp_id:=[12,3];
signature:=[1,2];

g0:=signature[1];
H:=SmallGroup(gp_id[1],gp_id[2]); n:=#H; LP:=[]; LG:=[g : g in H]; for i in [1..n] do x:=LG[i]; Tx:=[LG[j]*x : j in [1..n]]; permL:=[]; for j in [1..n] do for k in [1..n] do if Tx[j] eq LG[k] then permL[j]:=k; break; end if; end for; end for; Append(~LP,permL); end for; G:=PermutationGroup<n|LP>;
S:=Sym(gp_id[1]);

gen_vectors:=[[9, 11, 12, 10, 1, 3, 4, 2, 5, 7, 8, 6], [3, 4, 1, 2, 7, 8, 5, 6, 11, 12, 9, 10], [2, 1, 4, 3, 6, 5, 8, 7, 10, 9, 12, 11]];
cc:=[1, 1];
id:=557;
gen_vectors_as_perm:=[S!perm : perm in gen_vectors];
Append(~data, rec<RecFormat |  gen_vectors:=gen_vectors_as_perm, cc:=cc, genvec_id:=id>);

gen_vectors:=[[11, 9, 10, 12, 3, 1, 2, 4, 7, 5, 6, 8], [3, 4, 1, 2, 7, 8, 5, 6, 11, 12, 9, 10], [2, 1, 4, 3, 6, 5, 8, 7, 10, 9, 12, 11]];
cc:=[1, 2];
id:=563;
gen_vectors_as_perm:=[S!perm : perm in gen_vectors];
Append(~data, rec<RecFormat |  gen_vectors:=gen_vectors_as_perm, cc:=cc, genvec_id:=id>);

gen_vectors:=[[12, 10, 9, 11, 4, 2, 1, 3, 8, 6, 5, 7], [3, 4, 1, 2, 7, 8, 5, 6, 11, 12, 9, 10], [2, 1, 4, 3, 6, 5, 8, 7, 10, 9, 12, 11]];
cc:=[1, 3];
id:=566;
gen_vectors_as_perm:=[S!perm : perm in gen_vectors];
Append(~data, rec<RecFormat |  gen_vectors:=gen_vectors_as_perm, cc:=cc, genvec_id:=id>);

gen_vectors:=[[10, 12, 11, 9, 2, 4, 3, 1, 6, 8, 7, 5], [3, 4, 1, 2, 7, 8, 5, 6, 11, 12, 9, 10], [2, 1, 4, 3, 6, 5, 8, 7, 10, 9, 12, 11]];
cc:=[1, 4];
id:=569;
gen_vectors_as_perm:=[S!perm : perm in gen_vectors];
Append(~data, rec<RecFormat |  gen_vectors:=gen_vectors_as_perm, cc:=cc, genvec_id:=id>);

gen_vectors:=[[4, 3, 2, 1, 8, 7, 6, 5, 12, 11, 10, 9], [5, 8, 6, 7, 9, 12, 10, 11, 1, 4, 2, 3], [2, 1, 4, 3, 6, 5, 8, 7, 10, 9, 12, 11]];
cc:=[1, 5];
id:=570;
gen_vectors_as_perm:=[S!perm : perm in gen_vectors];
Append(~data, rec<RecFormat |  gen_vectors:=gen_vectors_as_perm, cc:=cc, genvec_id:=id>);

gen_vectors:=[[8, 5, 7, 6, 12, 9, 11, 10, 4, 1, 3, 2], [5, 8, 6, 7, 9, 12, 10, 11, 1, 4, 2, 3], [2, 1, 4, 3, 6, 5, 8, 7, 10, 9, 12, 11]];
cc:=[1, 6];
id:=571;
gen_vectors_as_perm:=[S!perm : perm in gen_vectors];
Append(~data, rec<RecFormat |  gen_vectors:=gen_vectors_as_perm, cc:=cc, genvec_id:=id>);

gen_vectors:=[[12, 10, 9, 11, 4, 2, 1, 3, 8, 6, 5, 7], [5, 8, 6, 7, 9, 12, 10, 11, 1, 4, 2, 3], [2, 1, 4, 3, 6, 5, 8, 7, 10, 9, 12, 11]];
cc:=[1, 7];
id:=572;
gen_vectors_as_perm:=[S!perm : perm in gen_vectors];
Append(~data, rec<RecFormat |  gen_vectors:=gen_vectors_as_perm, cc:=cc, genvec_id:=id>);

gen_vectors:=[[3, 4, 1, 2, 7, 8, 5, 6, 11, 12, 9, 10], [9, 11, 12, 10, 1, 3, 4, 2, 5, 7, 8, 6], [2, 1, 4, 3, 6, 5, 8, 7, 10, 9, 12, 11]];
cc:=[1, 8];
id:=573;
gen_vectors_as_perm:=[S!perm : perm in gen_vectors];
Append(~data, rec<RecFormat |  gen_vectors:=gen_vectors_as_perm, cc:=cc, genvec_id:=id>);

gen_vectors:=[[11, 9, 10, 12, 3, 1, 2, 4, 7, 5, 6, 8], [9, 11, 12, 10, 1, 3, 4, 2, 5, 7, 8, 6], [2, 1, 4, 3, 6, 5, 8, 7, 10, 9, 12, 11]];
cc:=[1, 9];
id:=574;
gen_vectors_as_perm:=[S!perm : perm in gen_vectors];
Append(~data, rec<RecFormat |  gen_vectors:=gen_vectors_as_perm, cc:=cc, genvec_id:=id>);

gen_vectors:=[[7, 6, 8, 5, 11, 10, 12, 9, 3, 2, 4, 1], [9, 11, 12, 10, 1, 3, 4, 2, 5, 7, 8, 6], [2, 1, 4, 3, 6, 5, 8, 7, 10, 9, 12, 11]];
cc:=[1, 10];
id:=575;
gen_vectors_as_perm:=[S!perm : perm in gen_vectors];
Append(~data, rec<RecFormat |  gen_vectors:=gen_vectors_as_perm, cc:=cc, genvec_id:=id>);

gen_vectors:=[[5, 8, 6, 7, 9, 12, 10, 11, 1, 4, 2, 3], [4, 3, 2, 1, 8, 7, 6, 5, 12, 11, 10, 9], [2, 1, 4, 3, 6, 5, 8, 7, 10, 9, 12, 11]];
cc:=[1, 11];
id:=576;
gen_vectors_as_perm:=[S!perm : perm in gen_vectors];
Append(~data, rec<RecFormat |  gen_vectors:=gen_vectors_as_perm, cc:=cc, genvec_id:=id>);

gen_vectors:=[[8, 5, 7, 6, 12, 9, 11, 10, 4, 1, 3, 2], [4, 3, 2, 1, 8, 7, 6, 5, 12, 11, 10, 9], [2, 1, 4, 3, 6, 5, 8, 7, 10, 9, 12, 11]];
cc:=[1, 12];
id:=577;
gen_vectors_as_perm:=[S!perm : perm in gen_vectors];
Append(~data, rec<RecFormat |  gen_vectors:=gen_vectors_as_perm, cc:=cc, genvec_id:=id>);

gen_vectors:=[[6, 7, 5, 8, 10, 11, 9, 12, 2, 3, 1, 4], [4, 3, 2, 1, 8, 7, 6, 5, 12, 11, 10, 9], [2, 1, 4, 3, 6, 5, 8, 7, 10, 9, 12, 11]];
cc:=[1, 13];
id:=578;
gen_vectors_as_perm:=[S!perm : perm in gen_vectors];
Append(~data, rec<RecFormat |  gen_vectors:=gen_vectors_as_perm, cc:=cc, genvec_id:=id>);

gen_vectors:=[[7, 6, 8, 5, 11, 10, 12, 9, 3, 2, 4, 1], [4, 3, 2, 1, 8, 7, 6, 5, 12, 11, 10, 9], [2, 1, 4, 3, 6, 5, 8, 7, 10, 9, 12, 11]];
cc:=[1, 14];
id:=579;
gen_vectors_as_perm:=[S!perm : perm in gen_vectors];
Append(~data, rec<RecFormat |  gen_vectors:=gen_vectors_as_perm, cc:=cc, genvec_id:=id>);

gen_vectors:=[[5, 8, 6, 7, 9, 12, 10, 11, 1, 4, 2, 3], [8, 5, 7, 6, 12, 9, 11, 10, 4, 1, 3, 2], [2, 1, 4, 3, 6, 5, 8, 7, 10, 9, 12, 11]];
cc:=[1, 15];
id:=580;
gen_vectors_as_perm:=[S!perm : perm in gen_vectors];
Append(~data, rec<RecFormat |  gen_vectors:=gen_vectors_as_perm, cc:=cc, genvec_id:=id>);

gen_vectors:=[[4, 3, 2, 1, 8, 7, 6, 5, 12, 11, 10, 9], [8, 5, 7, 6, 12, 9, 11, 10, 4, 1, 3, 2], [2, 1, 4, 3, 6, 5, 8, 7, 10, 9, 12, 11]];
cc:=[1, 16];
id:=581;
gen_vectors_as_perm:=[S!perm : perm in gen_vectors];
Append(~data, rec<RecFormat |  gen_vectors:=gen_vectors_as_perm, cc:=cc, genvec_id:=id>);

gen_vectors:=[[11, 9, 10, 12, 3, 1, 2, 4, 7, 5, 6, 8], [8, 5, 7, 6, 12, 9, 11, 10, 4, 1, 3, 2], [2, 1, 4, 3, 6, 5, 8, 7, 10, 9, 12, 11]];
cc:=[1, 17];
id:=582;
gen_vectors_as_perm:=[S!perm : perm in gen_vectors];
Append(~data, rec<RecFormat |  gen_vectors:=gen_vectors_as_perm, cc:=cc, genvec_id:=id>);

gen_vectors:=[[3, 4, 1, 2, 7, 8, 5, 6, 11, 12, 9, 10], [11, 9, 10, 12, 3, 1, 2, 4, 7, 5, 6, 8], [2, 1, 4, 3, 6, 5, 8, 7, 10, 9, 12, 11]];
cc:=[1, 18];
id:=583;
gen_vectors_as_perm:=[S!perm : perm in gen_vectors];
Append(~data, rec<RecFormat |  gen_vectors:=gen_vectors_as_perm, cc:=cc, genvec_id:=id>);

gen_vectors:=[[9, 11, 12, 10, 1, 3, 4, 2, 5, 7, 8, 6], [11, 9, 10, 12, 3, 1, 2, 4, 7, 5, 6, 8], [2, 1, 4, 3, 6, 5, 8, 7, 10, 9, 12, 11]];
cc:=[1, 19];
id:=584;
gen_vectors_as_perm:=[S!perm : perm in gen_vectors];
Append(~data, rec<RecFormat |  gen_vectors:=gen_vectors_as_perm, cc:=cc, genvec_id:=id>);

gen_vectors:=[[8, 5, 7, 6, 12, 9, 11, 10, 4, 1, 3, 2], [11, 9, 10, 12, 3, 1, 2, 4, 7, 5, 6, 8], [2, 1, 4, 3, 6, 5, 8, 7, 10, 9, 12, 11]];
cc:=[1, 20];
id:=585;
gen_vectors_as_perm:=[S!perm : perm in gen_vectors];
Append(~data, rec<RecFormat |  gen_vectors:=gen_vectors_as_perm, cc:=cc, genvec_id:=id>);

gen_vectors:=[[4, 3, 2, 1, 8, 7, 6, 5, 12, 11, 10, 9], [6, 7, 5, 8, 10, 11, 9, 12, 2, 3, 1, 4], [2, 1, 4, 3, 6, 5, 8, 7, 10, 9, 12, 11]];
cc:=[1, 21];
id:=586;
gen_vectors_as_perm:=[S!perm : perm in gen_vectors];
Append(~data, rec<RecFormat |  gen_vectors:=gen_vectors_as_perm, cc:=cc, genvec_id:=id>);

gen_vectors:=[[7, 6, 8, 5, 11, 10, 12, 9, 3, 2, 4, 1], [6, 7, 5, 8, 10, 11, 9, 12, 2, 3, 1, 4], [2, 1, 4, 3, 6, 5, 8, 7, 10, 9, 12, 11]];
cc:=[1, 22];
id:=587;
gen_vectors_as_perm:=[S!perm : perm in gen_vectors];
Append(~data, rec<RecFormat |  gen_vectors:=gen_vectors_as_perm, cc:=cc, genvec_id:=id>);

gen_vectors:=[[10, 12, 11, 9, 2, 4, 3, 1, 6, 8, 7, 5], [6, 7, 5, 8, 10, 11, 9, 12, 2, 3, 1, 4], [2, 1, 4, 3, 6, 5, 8, 7, 10, 9, 12, 11]];
cc:=[1, 23];
id:=588;
gen_vectors_as_perm:=[S!perm : perm in gen_vectors];
Append(~data, rec<RecFormat |  gen_vectors:=gen_vectors_as_perm, cc:=cc, genvec_id:=id>);

gen_vectors:=[[3, 4, 1, 2, 7, 8, 5, 6, 11, 12, 9, 10], [12, 10, 9, 11, 4, 2, 1, 3, 8, 6, 5, 7], [2, 1, 4, 3, 6, 5, 8, 7, 10, 9, 12, 11]];
