load "orbits";
g:=3;
RecFormat:=recformat<gen_vectors,cc, genvec_id,brd_id, top_id>;

data:=[];
label:="3.2-1.2.0";
gp_id:=[2,1];
signature:=[2];

g0:=signature[1];
H:=SmallGroup(gp_id[1],gp_id[2]); n:=#H; LP:=[]; LG:=[g : g in H]; for i in [1..n] do x:=LG[i]; Tx:=[LG[j]*x : j in [1..n]]; permL:=[]; for j in [1..n] do for k in [1..n] do if Tx[j] eq LG[k] then permL[j]:=k; break; end if; end for; end for; Append(~LP,permL); end for; G:=PermutationGroup<n|LP>;
S:=Sym(gp_id[1]);

gen_vectors:=[[2, 1], [1, 2], [1, 2], [1, 2]];
cc:=[1, 1];
id:=411;
gen_vectors_as_perm:=[S!perm : perm in gen_vectors];
Append(~data, rec<RecFormat |  gen_vectors:=gen_vectors_as_perm, cc:=cc, genvec_id:=id>);

FindOrbits(G,signature,data,g0,label,g);


data:=[];
label:="3.32-9.0.2-4-8";
gp_id:=[32,9];
signature:=[0,2,4,8];

g0:=signature[1];
H:=SmallGroup(gp_id[1],gp_id[2]); n:=#H; LP:=[]; LG:=[g : g in H]; for i in [1..n] do x:=LG[i]; Tx:=[LG[j]*x : j in [1..n]]; permL:=[]; for j in [1..n] do for k in [1..n] do if Tx[j] eq LG[k] then permL[j]:=k; break; end if; end for; end for; Append(~LP,permL); end for; G:=PermutationGroup<n|LP>;
S:=Sym(gp_id[1]);

gen_vectors:=[[9, 10, 11, 12, 14, 13, 16, 15, 1, 2, 3, 4, 6, 5, 8, 7, 25, 26, 27, 28, 30, 29, 32, 31, 17, 18, 19, 20, 22, 21, 24, 23], [18, 17, 20, 19, 21, 22, 23, 24, 30, 29, 32, 31, 26, 25, 28, 27, 4, 3, 2, 1, 7, 8, 5, 6, 16, 15, 14, 13, 12, 11, 10, 9], [28, 27, 26, 25, 32, 31, 30, 29, 23, 24, 21, 22, 20, 19, 18, 17, 10, 9, 12, 11, 14, 13, 16, 15, 5, 6, 7, 8, 2, 1, 4, 3]];
cc:=[1, 1];
id:=43;
gen_vectors_as_perm:=[S!perm : perm in gen_vectors];
Append(~data, rec<RecFormat |  gen_vectors:=gen_vectors_as_perm, cc:=cc, genvec_id:=id>);

gen_vectors:=[[9, 10, 11, 12, 14, 13, 16, 15, 1, 2, 3, 4, 6, 5, 8, 7, 25, 26, 27, 28, 30, 29, 32, 31, 17, 18, 19, 20, 22, 21, 24, 23], [17, 18, 19, 20, 22, 21, 24, 23, 29, 30, 31, 32, 25, 26, 27, 28, 3, 4, 1, 2, 8, 7, 6, 5, 15, 16, 13, 14, 11, 12, 9, 10], [27, 28, 25, 26, 31, 32, 29, 30, 24, 23, 22, 21, 19, 20, 17, 18, 9, 10, 11, 12, 13, 14, 15, 16, 6, 5, 8, 7, 1, 2, 3, 4]];
cc:=[2, 1];
id:=66;
gen_vectors_as_perm:=[S!perm : perm in gen_vectors];
Append(~data, rec<RecFormat |  gen_vectors:=gen_vectors_as_perm, cc:=cc, genvec_id:=id>);

gen_vectors:=[[9, 10, 11, 12, 14, 13, 16, 15, 1, 2, 3, 4, 6, 5, 8, 7, 25, 26, 27, 28, 30, 29, 32, 31, 17, 18, 19, 20, 22, 21, 24, 23], [19, 20, 17, 18, 24, 23, 22, 21, 31, 32, 29, 30, 27, 28, 25, 26, 1, 2, 3, 4, 6, 5, 8, 7, 13, 14, 15, 16, 9, 10, 11, 12], [25, 26, 27, 28, 29, 30, 31, 32, 22, 21, 24, 23, 17, 18, 19, 20, 11, 12, 9, 10, 15, 16, 13, 14, 8, 7, 6, 5, 3, 4, 1, 2]];
cc:=[3, 1];
id:=87;
gen_vectors_as_perm:=[S!perm : perm in gen_vectors];
Append(~data, rec<RecFormat |  gen_vectors:=gen_vectors_as_perm, cc:=cc, genvec_id:=id>);

gen_vectors:=[[9, 10, 11, 12, 14, 13, 16, 15, 1, 2, 3, 4, 6, 5, 8, 7, 25, 26, 27, 28, 30, 29, 32, 31, 17, 18, 19, 20, 22, 21, 24, 23], [20, 19, 18, 17, 23, 24, 21, 22, 32, 31, 30, 29, 28, 27, 26, 25, 2, 1, 4, 3, 5, 6, 7, 8, 14, 13, 16, 15, 10, 9, 12, 11], [26, 25, 28, 27, 30, 29, 32, 31, 21, 22, 23, 24, 18, 17, 20, 19, 12, 11, 10, 9, 16, 15, 14, 13, 7, 8, 5, 6, 4, 3, 2, 1]];
cc:=[4, 1];
id:=100;
gen_vectors_as_perm:=[S!perm : perm in gen_vectors];
Append(~data, rec<RecFormat |  gen_vectors:=gen_vectors_as_perm, cc:=cc, genvec_id:=id>);

gen_vectors:=[[11, 12, 9, 10, 16, 15, 14, 13, 3, 4, 1, 2, 8, 7, 6, 5, 27, 28, 25, 26, 32, 31, 30, 29, 19, 20, 17, 18, 24, 23, 22, 21], [17, 18, 19, 20, 22, 21, 24, 23, 29, 30, 31, 32, 25, 26, 27, 28, 3, 4, 1, 2, 8, 7, 6, 5, 15, 16, 13, 14, 11, 12, 9, 10], [25, 26, 27, 28, 29, 30, 31, 32, 22, 21, 24, 23, 17, 18, 19, 20, 11, 12, 9, 10, 15, 16, 13, 14, 8, 7, 6, 5, 3, 4, 1, 2]];
cc:=[5, 1];
id:=112;
gen_vectors_as_perm:=[S!perm : perm in gen_vectors];
Append(~data, rec<RecFormat |  gen_vectors:=gen_vectors_as_perm, cc:=cc, genvec_id:=id>);

gen_vectors:=[[11, 12, 9, 10, 16, 15, 14, 13, 3, 4, 1, 2, 8, 7, 6, 5, 27, 28, 25, 26, 32, 31, 30, 29, 19, 20, 17, 18, 24, 23, 22, 21], [18, 17, 20, 19, 21, 22, 23, 24, 30, 29, 32, 31, 26, 25, 28, 27, 4, 3, 2, 1, 7, 8, 5, 6, 16, 15, 14, 13, 12, 11, 10, 9], [26, 25, 28, 27, 30, 29, 32, 31, 21, 22, 23, 24, 18, 17, 20, 19, 12, 11, 10, 9, 16, 15, 14, 13, 7, 8, 5, 6, 4, 3, 2, 1]];
cc:=[6, 1];
id:=119;
gen_vectors_as_perm:=[S!perm : perm in gen_vectors];
Append(~data, rec<RecFormat |  gen_vectors:=gen_vectors_as_perm, cc:=cc, genvec_id:=id>);

gen_vectors:=[[11, 12, 9, 10, 16, 15, 14, 13, 3, 4, 1, 2, 8, 7, 6, 5, 27, 28, 25, 26, 32, 31, 30, 29, 19, 20, 17, 18, 24, 23, 22, 21], [20, 19, 18, 17, 23, 24, 21, 22, 32, 31, 30, 29, 28, 27, 26, 25, 2, 1, 4, 3, 5, 6, 7, 8, 14, 13, 16, 15, 10, 9, 12, 11], [28, 27, 26, 25, 32, 31, 30, 29, 23, 24, 21, 22, 20, 19, 18, 17, 10, 9, 12, 11, 14, 13, 16, 15, 5, 6, 7, 8, 2, 1, 4, 3]];
cc:=[7, 1];
id:=124;
gen_vectors_as_perm:=[S!perm : perm in gen_vectors];
Append(~data, rec<RecFormat |  gen_vectors:=gen_vectors_as_perm, cc:=cc, genvec_id:=id>);

gen_vectors:=[[11, 12, 9, 10, 16, 15, 14, 13, 3, 4, 1, 2, 8, 7, 6, 5, 27, 28, 25, 26, 32, 31, 30, 29, 19, 20, 17, 18, 24, 23, 22, 21], [19, 20, 17, 18, 24, 23, 22, 21, 31, 32, 29, 30, 27, 28, 25, 26, 1, 2, 3, 4, 6, 5, 8, 7, 13, 14, 15, 16, 9, 10, 11, 12], [27, 28, 25, 26, 31, 32, 29, 30, 24, 23, 22, 21, 19, 20, 17, 18, 9, 10, 11, 12, 13, 14, 15, 16, 6, 5, 8, 7, 1, 2, 3, 4]];
cc:=[8, 1];
id:=128;
gen_vectors_as_perm:=[S!perm : perm in gen_vectors];
Append(~data, rec<RecFormat |  gen_vectors:=gen_vectors_as_perm, cc:=cc, genvec_id:=id>);

FindOrbits(G,signature,data,g0,label,g);


data:=[];
label:="3.24-12.0.3-4-4";
gp_id:=[24,12];
signature:=[0,3,4,4];

g0:=signature[1];
H:=SmallGroup(gp_id[1],gp_id[2]); n:=#H; LP:=[]; LG:=[g : g in H]; for i in [1..n] do x:=LG[i]; Tx:=[LG[j]*x : j in [1..n]]; permL:=[]; for j in [1..n] do for k in [1..n] do if Tx[j] eq LG[k] then permL[j]:=k; break; end if; end for; end for; Append(~LP,permL); end for; G:=PermutationGroup<n|LP>;
S:=Sym(gp_id[1]);

gen_vectors:=[[5, 8, 6, 7, 9, 12, 10, 11, 1, 4, 2, 3, 17, 20, 18, 19, 21, 24, 22, 23, 13, 16, 14, 15], [14, 16, 13, 15, 22, 24, 21, 23, 18, 20, 17, 19, 2, 4, 1, 3, 10, 12, 9, 11, 6, 8, 5, 7], [24, 21, 22, 23, 20, 17, 18, 19, 16, 13, 14, 15, 12, 9, 10, 11, 8, 5, 6, 7, 4, 1, 2, 3]];
cc:=[1, 1];
id:=56;
gen_vectors_as_perm:=[S!perm : perm in gen_vectors];
Append(~data, rec<RecFormat |  gen_vectors:=gen_vectors_as_perm, cc:=cc, genvec_id:=id>);

FindOrbits(G,signature,data,g0,label,g);


data:=[];
label:="3.2-1.1.2-2-2-2";
gp_id:=[2,1];
signature:=[1,2,2,2,2];

g0:=signature[1];
H:=SmallGroup(gp_id[1],gp_id[2]); n:=#H; LP:=[]; LG:=[g : g in H]; for i in [1..n] do x:=LG[i]; Tx:=[LG[j]*x : j in [1..n]]; permL:=[]; for j in [1..n] do for k in [1..n] do if Tx[j] eq LG[k] then permL[j]:=k; break; end if; end for; end for; Append(~LP,permL); end for; G:=PermutationGroup<n|LP>;
S:=Sym(gp_id[1]);

gen_vectors:=[[2, 1], [1, 2], [2, 1], [2, 1], [2, 1], [2, 1]];
cc:=[1, 1];
id:=421;
gen_vectors_as_perm:=[S!perm : perm in gen_vectors];
Append(~data, rec<RecFormat |  gen_vectors:=gen_vectors_as_perm, cc:=cc, genvec_id:=id>);

FindOrbits(G,signature,data,g0,label,g);


data:=[];
label:="3.12-2.0.2-12-12";
gp_id:=[12,2];
signature:=[0,2,12,12];

g0:=signature[1];
H:=SmallGroup(gp_id[1],gp_id[2]); n:=#H; LP:=[]; LG:=[g : g in H]; for i in [1..n] do x:=LG[i]; Tx:=[LG[j]*x : j in [1..n]]; permL:=[]; for j in [1..n] do for k in [1..n] do if Tx[j] eq LG[k] then permL[j]:=k; break; end if; end for; end for; Append(~LP,permL); end for; G:=PermutationGroup<n|LP>;
S:=Sym(gp_id[1]);

gen_vectors:=[[2, 1, 4, 3, 6, 5, 8, 7, 10, 9, 12, 11], [9, 10, 11, 12, 7, 8, 4, 3, 6, 5, 2, 1], [11, 12, 7, 8, 9, 10, 6, 5, 2, 1, 4, 3]];
cc:=[1, 1];
id:=51;
gen_vectors_as_perm:=[S!perm : perm in gen_vectors];
Append(~data, rec<RecFormat |  gen_vectors:=gen_vectors_as_perm, cc:=cc, genvec_id:=id>);

gen_vectors:=[[2, 1, 4, 3, 6, 5, 8, 7, 10, 9, 12, 11], [10, 9, 12, 11, 8, 7, 3, 4, 5, 6, 1, 2], [12, 11, 8, 7, 10, 9, 5, 6, 1, 2, 3, 4]];
cc:=[2, 1];
id:=74;
gen_vectors_as_perm:=[S!perm : perm in gen_vectors];
Append(~data, rec<RecFormat |  gen_vectors:=gen_vectors_as_perm, cc:=cc, genvec_id:=id>);

FindOrbits(G,signature,data,g0,label,g);


data:=[];
label:="3.6-1.1.3";
gp_id:=[6,1];
signature:=[1,3];

g0:=signature[1];
H:=SmallGroup(gp_id[1],gp_id[2]); n:=#H; LP:=[]; LG:=[g : g in H]; for i in [1..n] do x:=LG[i]; Tx:=[LG[j]*x : j in [1..n]]; permL:=[]; for j in [1..n] do for k in [1..n] do if Tx[j] eq LG[k] then permL[j]:=k; break; end if; end for; end for; Append(~LP,permL); end for; G:=PermutationGroup<n|LP>;
S:=Sym(gp_id[1]);

gen_vectors:=[[4, 6, 5, 1, 3, 2], [2, 3, 1, 5, 6, 4], [2, 3, 1, 5, 6, 4]];
cc:=[1, 1];
id:=150;
gen_vectors_as_perm:=[S!perm : perm in gen_vectors];
Append(~data, rec<RecFormat |  gen_vectors:=gen_vectors_as_perm, cc:=cc, genvec_id:=id>);

gen_vectors:=[[6, 5, 4, 3, 2, 1], [2, 3, 1, 5, 6, 4], [2, 3, 1, 5, 6, 4]];
cc:=[1, 2];
id:=165;
gen_vectors_as_perm:=[S!perm : perm in gen_vectors];
Append(~data, rec<RecFormat |  gen_vectors:=gen_vectors_as_perm, cc:=cc, genvec_id:=id>);

gen_vectors:=[[5, 4, 6, 2, 1, 3], [2, 3, 1, 5, 6, 4], [2, 3, 1, 5, 6, 4]];
cc:=[1, 3];
id:=173;
gen_vectors_as_perm:=[S!perm : perm in gen_vectors];
Append(~data, rec<RecFormat |  gen_vectors:=gen_vectors_as_perm, cc:=cc, genvec_id:=id>);

gen_vectors:=[[3, 1, 2, 6, 4, 5], [4, 6, 5, 1, 3, 2], [2, 3, 1, 5, 6, 4]];
cc:=[1, 4];
id:=185;
gen_vectors_as_perm:=[S!perm : perm in gen_vectors];
Append(~data, rec<RecFormat |  gen_vectors:=gen_vectors_as_perm, cc:=cc, genvec_id:=id>);

gen_vectors:=[[6, 5, 4, 3, 2, 1], [4, 6, 5, 1, 3, 2], [2, 3, 1, 5, 6, 4]];
cc:=[1, 5];
id:=191;
gen_vectors_as_perm:=[S!perm : perm in gen_vectors];
Append(~data, rec<RecFormat |  gen_vectors:=gen_vectors_as_perm, cc:=cc, genvec_id:=id>);

gen_vectors:=[[3, 1, 2, 6, 4, 5], [6, 5, 4, 3, 2, 1], [2, 3, 1, 5, 6, 4]];
cc:=[1, 6];
id:=200;
gen_vectors_as_perm:=[S!perm : perm in gen_vectors];
Append(~data, rec<RecFormat |  gen_vectors:=gen_vectors_as_perm, cc:=cc, genvec_id:=id>);

gen_vectors:=[[5, 4, 6, 2, 1, 3], [6, 5, 4, 3, 2, 1], [2, 3, 1, 5, 6, 4]];
cc:=[1, 7];
id:=212;
gen_vectors_as_perm:=[S!perm : perm in gen_vectors];
Append(~data, rec<RecFormat |  gen_vectors:=gen_vectors_as_perm, cc:=cc, genvec_id:=id>);

gen_vectors:=[[4, 6, 5, 1, 3, 2], [5, 4, 6, 2, 1, 3], [2, 3, 1, 5, 6, 4]];
cc:=[1, 8];
id:=218;
gen_vectors_as_perm:=[S!perm : perm in gen_vectors];
Append(~data, rec<RecFormat |  gen_vectors:=gen_vectors_as_perm, cc:=cc, genvec_id:=id>);

gen_vectors:=[[3, 1, 2, 6, 4, 5], [5, 4, 6, 2, 1, 3], [2, 3, 1, 5, 6, 4]];
cc:=[1, 9];
id:=233;
gen_vectors_as_perm:=[S!perm : perm in gen_vectors];
Append(~data, rec<RecFormat |  gen_vectors:=gen_vectors_as_perm, cc:=cc, genvec_id:=id>);

FindOrbits(G,signature,data,g0,label,g);


data:=[];
label:="3.24-12.0.2-2-2-3";
gp_id:=[24,12];
signature:=[0,2,2,2,3];

g0:=signature[1];
H:=SmallGroup(gp_id[1],gp_id[2]); n:=#H; LP:=[]; LG:=[g : g in H]; for i in [1..n] do x:=LG[i]; Tx:=[LG[j]*x : j in [1..n]]; permL:=[]; for j in [1..n] do for k in [1..n] do if Tx[j] eq LG[k] then permL[j]:=k; break; end if; end for; end for; Append(~LP,permL); end for; G:=PermutationGroup<n|LP>;
S:=Sym(gp_id[1]);

gen_vectors:=[[2, 1, 4, 3, 6, 5, 8, 7, 10, 9, 12, 11, 14, 13, 16, 15, 18, 17, 20, 19, 22, 21, 24, 23], [13, 15, 14, 16, 21, 23, 22, 24, 17, 19, 18, 20, 1, 3, 2, 4, 9, 11, 10, 12, 5, 7, 6, 8], [21, 24, 23, 22, 17, 20, 19, 18, 13, 16, 15, 14, 9, 12, 11, 10, 5, 8, 7, 6, 1, 4, 3, 2], [6, 7, 5, 8, 10, 11, 9, 12, 2, 3, 1, 4, 18, 19, 17, 20, 22, 23, 21, 24, 14, 15, 13, 16]];
cc:=[1, 1];
id:=145;
gen_vectors_as_perm:=[S!perm : perm in gen_vectors];
Append(~data, rec<RecFormat |  gen_vectors:=gen_vectors_as_perm, cc:=cc, genvec_id:=id>);

gen_vectors:=[[2, 1, 4, 3, 6, 5, 8, 7, 10, 9, 12, 11, 14, 13, 16, 15, 18, 17, 20, 19, 22, 21, 24, 23], [13, 15, 14, 16, 21, 23, 22, 24, 17, 19, 18, 20, 1, 3, 2, 4, 9, 11, 10, 12, 5, 7, 6, 8], [17, 18, 20, 19, 13, 14, 16, 15, 21, 22, 24, 23, 5, 6, 8, 7, 1, 2, 4, 3, 9, 10, 12, 11], [10, 12, 11, 9, 2, 4, 3, 1, 6, 8, 7, 5, 22, 24, 23, 21, 14, 16, 15, 13, 18, 20, 19, 17]];
cc:=[1, 2];
id:=159;
gen_vectors_as_perm:=[S!perm : perm in gen_vectors];
Append(~data, rec<RecFormat |  gen_vectors:=gen_vectors_as_perm, cc:=cc, genvec_id:=id>);

gen_vectors:=[[2, 1, 4, 3, 6, 5, 8, 7, 10, 9, 12, 11, 14, 13, 16, 15, 18, 17, 20, 19, 22, 21, 24, 23], [17, 18, 20, 19, 13, 14, 16, 15, 21, 22, 24, 23, 5, 6, 8, 7, 1, 2, 4, 3, 9, 10, 12, 11], [13, 15, 14, 16, 21, 23, 22, 24, 17, 19, 18, 20, 1, 3, 2, 4, 9, 11, 10, 12, 5, 7, 6, 8], [6, 7, 5, 8, 10, 11, 9, 12, 2, 3, 1, 4, 18, 19, 17, 20, 22, 23, 21, 24, 14, 15, 13, 16]];
cc:=[1, 3];
id:=171;
gen_vectors_as_perm:=[S!perm : perm in gen_vectors];
Append(~data, rec<RecFormat |  gen_vectors:=gen_vectors_as_perm, cc:=cc, genvec_id:=id>);

FindOrbits(G,signature,data,g0,label,g);


data:=[];
label:="3.14-2.0.2-7-14";
gp_id:=[14,2];
signature:=[0,2,7,14];

g0:=signature[1];
H:=SmallGroup(gp_id[1],gp_id[2]); n:=#H; LP:=[]; LG:=[g : g in H]; for i in [1..n] do x:=LG[i]; Tx:=[LG[j]*x : j in [1..n]]; permL:=[]; for j in [1..n] do for k in [1..n] do if Tx[j] eq LG[k] then permL[j]:=k; break; end if; end for; end for; Append(~LP,permL); end for; G:=PermutationGroup<n|LP>;
S:=Sym(gp_id[1]);

gen_vectors:=[[8, 9, 10, 11, 12, 13, 14, 1, 2, 3, 4, 5, 6, 7], [2, 3, 4, 5, 6, 7, 1, 9, 10, 11, 12, 13, 14, 8], [14, 8, 9, 10, 11, 12, 13, 7, 1, 2, 3, 4, 5, 6]];
cc:=[1, 1];
id:=41;
gen_vectors_as_perm:=[S!perm : perm in gen_vectors];
Append(~data, rec<RecFormat |  gen_vectors:=gen_vectors_as_perm, cc:=cc, genvec_id:=id>);

gen_vectors:=[[8, 9, 10, 11, 12, 13, 14, 1, 2, 3, 4, 5, 6, 7], [3, 4, 5, 6, 7, 1, 2, 10, 11, 12, 13, 14, 8, 9], [13, 14, 8, 9, 10, 11, 12, 6, 7, 1, 2, 3, 4, 5]];
cc:=[2, 1];
id:=64;
gen_vectors_as_perm:=[S!perm : perm in gen_vectors];
Append(~data, rec<RecFormat |  gen_vectors:=gen_vectors_as_perm, cc:=cc, genvec_id:=id>);

gen_vectors:=[[8, 9, 10, 11, 12, 13, 14, 1, 2, 3, 4, 5, 6, 7], [4, 5, 6, 7, 1, 2, 3, 11, 12, 13, 14, 8, 9, 10], [12, 13, 14, 8, 9, 10, 11, 5, 6, 7, 1, 2, 3, 4]];
cc:=[3, 1];
id:=85;
gen_vectors_as_perm:=[S!perm : perm in gen_vectors];
Append(~data, rec<RecFormat |  gen_vectors:=gen_vectors_as_perm, cc:=cc, genvec_id:=id>);

gen_vectors:=[[8, 9, 10, 11, 12, 13, 14, 1, 2, 3, 4, 5, 6, 7], [5, 6, 7, 1, 2, 3, 4, 12, 13, 14, 8, 9, 10, 11], [11, 12, 13, 14, 8, 9, 10, 4, 5, 6, 7, 1, 2, 3]];
cc:=[4, 1];
id:=98;
gen_vectors_as_perm:=[S!perm : perm in gen_vectors];
Append(~data, rec<RecFormat |  gen_vectors:=gen_vectors_as_perm, cc:=cc, genvec_id:=id>);

gen_vectors:=[[8, 9, 10, 11, 12, 13, 14, 1, 2, 3, 4, 5, 6, 7], [6, 7, 1, 2, 3, 4, 5, 13, 14, 8, 9, 10, 11, 12], [10, 11, 12, 13, 14, 8, 9, 3, 4, 5, 6, 7, 1, 2]];
cc:=[5, 1];
id:=111;
gen_vectors_as_perm:=[S!perm : perm in gen_vectors];
Append(~data, rec<RecFormat |  gen_vectors:=gen_vectors_as_perm, cc:=cc, genvec_id:=id>);

gen_vectors:=[[8, 9, 10, 11, 12, 13, 14, 1, 2, 3, 4, 5, 6, 7], [7, 1, 2, 3, 4, 5, 6, 14, 8, 9, 10, 11, 12, 13], [9, 10, 11, 12, 13, 14, 8, 2, 3, 4, 5, 6, 7, 1]];
cc:=[6, 1];
id:=118;
gen_vectors_as_perm:=[S!perm : perm in gen_vectors];
Append(~data, rec<RecFormat |  gen_vectors:=gen_vectors_as_perm, cc:=cc, genvec_id:=id>);

FindOrbits(G,signature,data,g0,label,g);


data:=[];
label:="3.24-3.0.3-3-6";
gp_id:=[24,3];
signature:=[0,3,3,6];

g0:=signature[1];
H:=SmallGroup(gp_id[1],gp_id[2]); n:=#H; LP:=[]; LG:=[g : g in H]; for i in [1..n] do x:=LG[i]; Tx:=[LG[j]*x : j in [1..n]]; permL:=[]; for j in [1..n] do for k in [1..n] do if Tx[j] eq LG[k] then permL[j]:=k; break; end if; end for; end for; Append(~LP,permL); end for; G:=PermutationGroup<n|LP>;
S:=Sym(gp_id[1]);

gen_vectors:=[[9, 10, 15, 16, 11, 12, 13, 14, 17, 18, 23, 24, 19, 20, 21, 22, 1, 2, 7, 8, 3, 4, 5, 6], [13, 14, 11, 12, 16, 15, 10, 9, 21, 22, 19, 20, 24, 23, 18, 17, 5, 6, 3, 4, 8, 7, 2, 1], [12, 11, 13, 14, 9, 10, 16, 15, 20, 19, 21, 22, 17, 18, 24, 23, 4, 3, 5, 6, 1, 2, 8, 7]];
cc:=[1, 1];
id:=57;
gen_vectors_as_perm:=[S!perm : perm in gen_vectors];
Append(~data, rec<RecFormat |  gen_vectors:=gen_vectors_as_perm, cc:=cc, genvec_id:=id>);

gen_vectors:=[[17, 18, 21, 22, 23, 24, 19, 20, 1, 2, 5, 6, 7, 8, 3, 4, 9, 10, 13, 14, 15, 16, 11, 12], [24, 23, 19, 20, 17, 18, 22, 21, 8, 7, 3, 4, 1, 2, 6, 5, 16, 15, 11, 12, 9, 10, 14, 13], [19, 20, 23, 24, 22, 21, 18, 17, 3, 4, 7, 8, 6, 5, 2, 1, 11, 12, 15, 16, 14, 13, 10, 9]];
cc:=[2, 1];
id:=79;
gen_vectors_as_perm:=[S!perm : perm in gen_vectors];
Append(~data, rec<RecFormat |  gen_vectors:=gen_vectors_as_perm, cc:=cc, genvec_id:=id>);

FindOrbits(G,signature,data,g0,label,g);


data:=[];
label:="3.24-5.0.2-4-12";
gp_id:=[24,5];
signature:=[0,2,4,12];

g0:=signature[1];
H:=SmallGroup(gp_id[1],gp_id[2]); n:=#H; LP:=[]; LG:=[g : g in H]; for i in [1..n] do x:=LG[i]; Tx:=[LG[j]*x : j in [1..n]]; permL:=[]; for j in [1..n] do for k in [1..n] do if Tx[j] eq LG[k] then permL[j]:=k; break; end if; end for; end for; Append(~LP,permL); end for; G:=PermutationGroup<n|LP>;
S:=Sym(gp_id[1]);

gen_vectors:=[[13, 15, 14, 16, 18, 17, 19, 21, 20, 22, 24, 23, 1, 3, 2, 4, 6, 5, 7, 9, 8, 10, 12, 11], [21, 20, 19, 24, 23, 22, 18, 17, 16, 15, 14, 13, 9, 8, 7, 12, 11, 10, 6, 5, 4, 3, 2, 1], [11, 12, 10, 8, 9, 7, 2, 3, 1, 5, 6, 4, 23, 24, 22, 20, 21, 19, 14, 15, 13, 17, 18, 16]];
cc:=[1, 1];
id:=42;
gen_vectors_as_perm:=[S!perm : perm in gen_vectors];
Append(~data, rec<RecFormat |  gen_vectors:=gen_vectors_as_perm, cc:=cc, genvec_id:=id>);

gen_vectors:=[[13, 15, 14, 16, 18, 17, 19, 21, 20, 22, 24, 23, 1, 3, 2, 4, 6, 5, 7, 9, 8, 10, 12, 11], [24, 23, 22, 21, 20, 19, 15, 14, 13, 18, 17, 16, 12, 11, 10, 9, 8, 7, 3, 2, 1, 6, 5, 4], [8, 9, 7, 11, 12, 10, 5, 6, 4, 2, 3, 1, 20, 21, 19, 23, 24, 22, 17, 18, 16, 14, 15, 13]];
cc:=[2, 1];
id:=65;
gen_vectors_as_perm:=[S!perm : perm in gen_vectors];
Append(~data, rec<RecFormat |  gen_vectors:=gen_vectors_as_perm, cc:=cc, genvec_id:=id>);

gen_vectors:=[[16, 18, 17, 13, 15, 14, 22, 24, 23, 19, 21, 20, 4, 6, 5, 1, 3, 2, 10, 12, 11, 7, 9, 8], [21, 20, 19, 24, 23, 22, 18, 17, 16, 15, 14, 13, 9, 8, 7, 12, 11, 10, 6, 5, 4, 3, 2, 1], [8, 9, 7, 11, 12, 10, 5, 6, 4, 2, 3, 1, 20, 21, 19, 23, 24, 22, 17, 18, 16, 14, 15, 13]];
cc:=[3, 1];
id:=86;
gen_vectors_as_perm:=[S!perm : perm in gen_vectors];
Append(~data, rec<RecFormat |  gen_vectors:=gen_vectors_as_perm, cc:=cc, genvec_id:=id>);

gen_vectors:=[[16, 18, 17, 13, 15, 14, 22, 24, 23, 19, 21, 20, 4, 6, 5, 1, 3, 2, 10, 12, 11, 7, 9, 8], [24, 23, 22, 21, 20, 19, 15, 14, 13, 18, 17, 16, 12, 11, 10, 9, 8, 7, 3, 2, 1, 6, 5, 4], [11, 12, 10, 8, 9, 7, 2, 3, 1, 5, 6, 4, 23, 24, 22, 20, 21, 19, 14, 15, 13, 17, 18, 16]];
cc:=[4, 1];
id:=99;
gen_vectors_as_perm:=[S!perm : perm in gen_vectors];
Append(~data, rec<RecFormat |  gen_vectors:=gen_vectors_as_perm, cc:=cc, genvec_id:=id>);

FindOrbits(G,signature,data,g0,label,g);


data:=[];
label:="3.6-1.0.2-2-2-2-3";
gp_id:=[6,1];
signature:=[0,2,2,2,2,3];

g0:=signature[1];
H:=SmallGroup(gp_id[1],gp_id[2]); n:=#H; LP:=[]; LG:=[g : g in H]; for i in [1..n] do x:=LG[i]; Tx:=[LG[j]*x : j in [1..n]]; permL:=[]; for j in [1..n] do for k in [1..n] do if Tx[j] eq LG[k] then permL[j]:=k; break; end if; end for; end for; Append(~LP,permL); end for; G:=PermutationGroup<n|LP>;
S:=Sym(gp_id[1]);

gen_vectors:=[[4, 6, 5, 1, 3, 2], [4, 6, 5, 1, 3, 2], [4, 6, 5, 1, 3, 2], [6, 5, 4, 3, 2, 1], [2, 3, 1, 5, 6, 4]];
cc:=[1, 1];
id:=353;
gen_vectors_as_perm:=[S!perm : perm in gen_vectors];
Append(~data, rec<RecFormat |  gen_vectors:=gen_vectors_as_perm, cc:=cc, genvec_id:=id>);

gen_vectors:=[[4, 6, 5, 1, 3, 2], [4, 6, 5, 1, 3, 2], [6, 5, 4, 3, 2, 1], [4, 6, 5, 1, 3, 2], [3, 1, 2, 6, 4, 5]];
cc:=[1, 2];
id:=365;
gen_vectors_as_perm:=[S!perm : perm in gen_vectors];
Append(~data, rec<RecFormat |  gen_vectors:=gen_vectors_as_perm, cc:=cc, genvec_id:=id>);

gen_vectors:=[[4, 6, 5, 1, 3, 2], [4, 6, 5, 1, 3, 2], [6, 5, 4, 3, 2, 1], [5, 4, 6, 2, 1, 3], [2, 3, 1, 5, 6, 4]];
cc:=[1, 3];
id:=367;
gen_vectors_as_perm:=[S!perm : perm in gen_vectors];
Append(~data, rec<RecFormat |  gen_vectors:=gen_vectors_as_perm, cc:=cc, genvec_id:=id>);

gen_vectors:=[[4, 6, 5, 1, 3, 2], [6, 5, 4, 3, 2, 1], [4, 6, 5, 1, 3, 2], [4, 6, 5, 1, 3, 2], [2, 3, 1, 5, 6, 4]];
cc:=[1, 4];
id:=368;
gen_vectors_as_perm:=[S!perm : perm in gen_vectors];
Append(~data, rec<RecFormat |  gen_vectors:=gen_vectors_as_perm, cc:=cc, genvec_id:=id>);

gen_vectors:=[[4, 6, 5, 1, 3, 2], [6, 5, 4, 3, 2, 1], [4, 6, 5, 1, 3, 2], [6, 5, 4, 3, 2, 1], [3, 1, 2, 6, 4, 5]];
cc:=[1, 5];
id:=369;
gen_vectors_as_perm:=[S!perm : perm in gen_vectors];
Append(~data, rec<RecFormat |  gen_vectors:=gen_vectors_as_perm, cc:=cc, genvec_id:=id>);

gen_vectors:=[[4, 6, 5, 1, 3, 2], [6, 5, 4, 3, 2, 1], [6, 5, 4, 3, 2, 1], [6, 5, 4, 3, 2, 1], [2, 3, 1, 5, 6, 4]];
cc:=[1, 6];
id:=370;
gen_vectors_as_perm:=[S!perm : perm in gen_vectors];
Append(~data, rec<RecFormat |  gen_vectors:=gen_vectors_as_perm, cc:=cc, genvec_id:=id>);

gen_vectors:=[[4, 6, 5, 1, 3, 2], [6, 5, 4, 3, 2, 1], [6, 5, 4, 3, 2, 1], [5, 4, 6, 2, 1, 3], [3, 1, 2, 6, 4, 5]];
cc:=[1, 7];
id:=371;
gen_vectors_as_perm:=[S!perm : perm in gen_vectors];
Append(~data, rec<RecFormat |  gen_vectors:=gen_vectors_as_perm, cc:=cc, genvec_id:=id>);

gen_vectors:=[[4, 6, 5, 1, 3, 2], [6, 5, 4, 3, 2, 1], [5, 4, 6, 2, 1, 3], [4, 6, 5, 1, 3, 2], [3, 1, 2, 6, 4, 5]];
cc:=[1, 8];
id:=372;
gen_vectors_as_perm:=[S!perm : perm in gen_vectors];
Append(~data, rec<RecFormat |  gen_vectors:=gen_vectors_as_perm, cc:=cc, genvec_id:=id>);

gen_vectors:=[[4, 6, 5, 1, 3, 2], [6, 5, 4, 3, 2, 1], [5, 4, 6, 2, 1, 3], [5, 4, 6, 2, 1, 3], [2, 3, 1, 5, 6, 4]];
cc:=[1, 9];
id:=373;
gen_vectors_as_perm:=[S!perm : perm in gen_vectors];
Append(~data, rec<RecFormat |  gen_vectors:=gen_vectors_as_perm, cc:=cc, genvec_id:=id>);

FindOrbits(G,signature,data,g0,label,g);


data:=[];
label:="3.21-1.0.3-3-7";
gp_id:=[21,1];
signature:=[0,3,3,7];

g0:=signature[1];
H:=SmallGroup(gp_id[1],gp_id[2]); n:=#H; LP:=[]; LG:=[g : g in H]; for i in [1..n] do x:=LG[i]; Tx:=[LG[j]*x : j in [1..n]]; permL:=[]; for j in [1..n] do for k in [1..n] do if Tx[j] eq LG[k] then permL[j]:=k; break; end if; end for; end for; Append(~LP,permL); end for; G:=PermutationGroup<n|LP>;
S:=Sym(gp_id[1]);

gen_vectors:=[[8, 10, 12, 14, 9, 11, 13, 15, 17, 19, 21, 16, 18, 20, 1, 3, 5, 7, 2, 4, 6], [20, 17, 21, 18, 15, 19, 16, 6, 3, 7, 4, 1, 5, 2, 13, 10, 14, 11, 8, 12, 9], [3, 4, 5, 6, 7, 1, 2, 10, 11, 12, 13, 14, 8, 9, 17, 18, 19, 20, 21, 15, 16]];
cc:=[1, 1];
id:=61;
gen_vectors_as_perm:=[S!perm : perm in gen_vectors];
Append(~data, rec<RecFormat |  gen_vectors:=gen_vectors_as_perm, cc:=cc, genvec_id:=id>);

gen_vectors:=[[8, 10, 12, 14, 9, 11, 13, 15, 17, 19, 21, 16, 18, 20, 1, 3, 5, 7, 2, 4, 6], [19, 16, 20, 17, 21, 18, 15, 5, 2, 6, 3, 7, 4, 1, 12, 9, 13, 10, 14, 11, 8], [4, 5, 6, 7, 1, 2, 3, 11, 12, 13, 14, 8, 9, 10, 18, 19, 20, 21, 15, 16, 17]];
cc:=[2, 1];
id:=82;
gen_vectors_as_perm:=[S!perm : perm in gen_vectors];
Append(~data, rec<RecFormat |  gen_vectors:=gen_vectors_as_perm, cc:=cc, genvec_id:=id>);

FindOrbits(G,signature,data,g0,label,g);


data:=[];
label:="3.8-3.0.2-2-4-4";
gp_id:=[8,3];
signature:=[0,2,2,4,4];

g0:=signature[1];
H:=SmallGroup(gp_id[1],gp_id[2]); n:=#H; LP:=[]; LG:=[g : g in H]; for i in [1..n] do x:=LG[i]; Tx:=[LG[j]*x : j in [1..n]]; permL:=[]; for j in [1..n] do for k in [1..n] do if Tx[j] eq LG[k] then permL[j]:=k; break; end if; end for; end for; Append(~LP,permL); end for; G:=PermutationGroup<n|LP>;
S:=Sym(gp_id[1]);

gen_vectors:=[[3, 4, 1, 2, 7, 8, 5, 6], [3, 4, 1, 2, 7, 8, 5, 6], [7, 8, 6, 5, 3, 4, 2, 1], [8, 7, 5, 6, 4, 3, 1, 2]];
cc:=[1, 1];
id:=148;
gen_vectors_as_perm:=[S!perm : perm in gen_vectors];
Append(~data, rec<RecFormat |  gen_vectors:=gen_vectors_as_perm, cc:=cc, genvec_id:=id>);

gen_vectors:=[[3, 4, 1, 2, 7, 8, 5, 6], [4, 3, 2, 1, 8, 7, 6, 5], [7, 8, 6, 5, 3, 4, 2, 1], [7, 8, 6, 5, 3, 4, 2, 1]];
cc:=[1, 2];
id:=160;
gen_vectors_as_perm:=[S!perm : perm in gen_vectors];
Append(~data, rec<RecFormat |  gen_vectors:=gen_vectors_as_perm, cc:=cc, genvec_id:=id>);

gen_vectors:=[[5, 6, 8, 7, 1, 2, 4, 3], [5, 6, 8, 7, 1, 2, 4, 3], [7, 8, 6, 5, 3, 4, 2, 1], [8, 7, 5, 6, 4, 3, 1, 2]];
cc:=[2, 1];
id:=331;
gen_vectors_as_perm:=[S!perm : perm in gen_vectors];
Append(~data, rec<RecFormat |  gen_vectors:=gen_vectors_as_perm, cc:=cc, genvec_id:=id>);

gen_vectors:=[[5, 6, 8, 7, 1, 2, 4, 3], [6, 5, 7, 8, 2, 1, 3, 4], [7, 8, 6, 5, 3, 4, 2, 1], [7, 8, 6, 5, 3, 4, 2, 1]];
cc:=[2, 2];
id:=333;
gen_vectors_as_perm:=[S!perm : perm in gen_vectors];
Append(~data, rec<RecFormat |  gen_vectors:=gen_vectors_as_perm, cc:=cc, genvec_id:=id>);

FindOrbits(G,signature,data,g0,label,g);


data:=[];
label:="3.3-1.0.3-3-3-3-3";
gp_id:=[3,1];
signature:=[0,3,3,3,3,3];

g0:=signature[1];
H:=SmallGroup(gp_id[1],gp_id[2]); n:=#H; LP:=[]; LG:=[g : g in H]; for i in [1..n] do x:=LG[i]; Tx:=[LG[j]*x : j in [1..n]]; permL:=[]; for j in [1..n] do for k in [1..n] do if Tx[j] eq LG[k] then permL[j]:=k; break; end if; end for; end for; Append(~LP,permL); end for; G:=PermutationGroup<n|LP>;
S:=Sym(gp_id[1]);

gen_vectors:=[[2, 3, 1], [2, 3, 1], [2, 3, 1], [2, 3, 1], [3, 1, 2]];
cc:=[1, 1];
id:=351;
gen_vectors_as_perm:=[S!perm : perm in gen_vectors];
Append(~data, rec<RecFormat |  gen_vectors:=gen_vectors_as_perm, cc:=cc, genvec_id:=id>);

gen_vectors:=[[2, 3, 1], [3, 1, 2], [3, 1, 2], [3, 1, 2], [3, 1, 2]];
cc:=[2, 1];
id:=374;
gen_vectors_as_perm:=[S!perm : perm in gen_vectors];
Append(~data, rec<RecFormat |  gen_vectors:=gen_vectors_as_perm, cc:=cc, genvec_id:=id>);

FindOrbits(G,signature,data,g0,label,g);


data:=[];
label:="3.9-1.0.3-9-9";
gp_id:=[9,1];
signature:=[0,3,9,9];

g0:=signature[1];
H:=SmallGroup(gp_id[1],gp_id[2]); n:=#H; LP:=[]; LG:=[g : g in H]; for i in [1..n] do x:=LG[i]; Tx:=[LG[j]*x : j in [1..n]]; permL:=[]; for j in [1..n] do for k in [1..n] do if Tx[j] eq LG[k] then permL[j]:=k; break; end if; end for; end for; Append(~LP,permL); end for; G:=PermutationGroup<n|LP>;
S:=Sym(gp_id[1]);

gen_vectors:=[[2, 3, 1, 5, 6, 4, 8, 9, 7], [4, 5, 6, 7, 8, 9, 2, 3, 1], [8, 9, 7, 3, 1, 2, 6, 4, 5]];
cc:=[1, 1];
id:=40;
gen_vectors_as_perm:=[S!perm : perm in gen_vectors];
Append(~data, rec<RecFormat |  gen_vectors:=gen_vectors_as_perm, cc:=cc, genvec_id:=id>);

gen_vectors:=[[2, 3, 1, 5, 6, 4, 8, 9, 7], [7, 8, 9, 2, 3, 1, 5, 6, 4], [5, 6, 4, 8, 9, 7, 3, 1, 2]];
cc:=[2, 1];
id:=63;
gen_vectors_as_perm:=[S!perm : perm in gen_vectors];
Append(~data, rec<RecFormat |  gen_vectors:=gen_vectors_as_perm, cc:=cc, genvec_id:=id>);

gen_vectors:=[[2, 3, 1, 5, 6, 4, 8, 9, 7], [6, 4, 5, 9, 7, 8, 1, 2, 3], [9, 7, 8, 1, 2, 3, 4, 5, 6]];
cc:=[3, 1];
id:=84;
gen_vectors_as_perm:=[S!perm : perm in gen_vectors];
Append(~data, rec<RecFormat |  gen_vectors:=gen_vectors_as_perm, cc:=cc, genvec_id:=id>);

gen_vectors:=[[3, 1, 2, 6, 4, 5, 9, 7, 8], [4, 5, 6, 7, 8, 9, 2, 3, 1], [7, 8, 9, 2, 3, 1, 5, 6, 4]];
cc:=[4, 1];
id:=97;
gen_vectors_as_perm:=[S!perm : perm in gen_vectors];
Append(~data, rec<RecFormat |  gen_vectors:=gen_vectors_as_perm, cc:=cc, genvec_id:=id>);

gen_vectors:=[[3, 1, 2, 6, 4, 5, 9, 7, 8], [5, 6, 4, 8, 9, 7, 3, 1, 2], [9, 7, 8, 1, 2, 3, 4, 5, 6]];
cc:=[5, 1];
id:=110;
gen_vectors_as_perm:=[S!perm : perm in gen_vectors];
Append(~data, rec<RecFormat |  gen_vectors:=gen_vectors_as_perm, cc:=cc, genvec_id:=id>);

gen_vectors:=[[3, 1, 2, 6, 4, 5, 9, 7, 8], [8, 9, 7, 3, 1, 2, 6, 4, 5], [6, 4, 5, 9, 7, 8, 1, 2, 3]];
cc:=[6, 1];
id:=117;
gen_vectors_as_perm:=[S!perm : perm in gen_vectors];
Append(~data, rec<RecFormat |  gen_vectors:=gen_vectors_as_perm, cc:=cc, genvec_id:=id>);

FindOrbits(G,signature,data,g0,label,g);


data:=[];
label:="3.3-1.1.3-3";
gp_id:=[3,1];
signature:=[1,3,3];

g0:=signature[1];
H:=SmallGroup(gp_id[1],gp_id[2]); n:=#H; LP:=[]; LG:=[g : g in H]; for i in [1..n] do x:=LG[i]; Tx:=[LG[j]*x : j in [1..n]]; permL:=[]; for j in [1..n] do for k in [1..n] do if Tx[j] eq LG[k] then permL[j]:=k; break; end if; end for; end for; Append(~LP,permL); end for; G:=PermutationGroup<n|LP>;
S:=Sym(gp_id[1]);

gen_vectors:=[[2, 3, 1], [1, 2, 3], [2, 3, 1], [3, 1, 2]];
cc:=[1, 1];
id:=362;
gen_vectors_as_perm:=[S!perm : perm in gen_vectors];
Append(~data, rec<RecFormat |  gen_vectors:=gen_vectors_as_perm, cc:=cc, genvec_id:=id>);

FindOrbits(G,signature,data,g0,label,g);


data:=[];
label:="3.32-11.0.2-4-8";
gp_id:=[32,11];
signature:=[0,2,4,8];

g0:=signature[1];
H:=SmallGroup(gp_id[1],gp_id[2]); n:=#H; LP:=[]; LG:=[g : g in H]; for i in [1..n] do x:=LG[i]; Tx:=[LG[j]*x : j in [1..n]]; permL:=[]; for j in [1..n] do for k in [1..n] do if Tx[j] eq LG[k] then permL[j]:=k; break; end if; end for; end for; Append(~LP,permL); end for; G:=PermutationGroup<n|LP>;
S:=Sym(gp_id[1]);

gen_vectors:=[[9, 10, 11, 12, 14, 13, 16, 15, 1, 2, 3, 4, 6, 5, 8, 7, 25, 26, 27, 28, 30, 29, 32, 31, 17, 18, 19, 20, 22, 21, 24, 23], [25, 26, 27, 28, 29, 30, 31, 32, 22, 21, 24, 23, 17, 18, 19, 20, 11, 12, 10, 9, 15, 16, 14, 13, 8, 7, 5, 6, 3, 4, 2, 1], [23, 24, 22, 21, 19, 20, 18, 17, 28, 27, 25, 26, 31, 32, 30, 29, 6, 5, 8, 7, 2, 1, 4, 3, 9, 10, 11, 12, 14, 13, 16, 15]];
cc:=[1, 1];
id:=62;
gen_vectors_as_perm:=[S!perm : perm in gen_vectors];
Append(~data, rec<RecFormat |  gen_vectors:=gen_vectors_as_perm, cc:=cc, genvec_id:=id>);

gen_vectors:=[[9, 10, 11, 12, 14, 13, 16, 15, 1, 2, 3, 4, 6, 5, 8, 7, 25, 26, 27, 28, 30, 29, 32, 31, 17, 18, 19, 20, 22, 21, 24, 23], [32, 31, 29, 30, 27, 28, 26, 25, 20, 19, 17, 18, 24, 23, 21, 22, 13, 14, 15, 16, 10, 9, 12, 11, 1, 2, 3, 4, 5, 6, 7, 8], [17, 18, 19, 20, 22, 21, 24, 23, 29, 30, 31, 32, 25, 26, 27, 28, 3, 4, 2, 1, 8, 7, 5, 6, 15, 16, 14, 13, 11, 12, 10, 9]];
cc:=[2, 1];
id:=83;
gen_vectors_as_perm:=[S!perm : perm in gen_vectors];
Append(~data, rec<RecFormat |  gen_vectors:=gen_vectors_as_perm, cc:=cc, genvec_id:=id>);

gen_vectors:=[[9, 10, 11, 12, 14, 13, 16, 15, 1, 2, 3, 4, 6, 5, 8, 7, 25, 26, 27, 28, 30, 29, 32, 31, 17, 18, 19, 20, 22, 21, 24, 23], [26, 25, 28, 27, 30, 29, 32, 31, 21, 22, 23, 24, 18, 17, 20, 19, 12, 11, 9, 10, 16, 15, 13, 14, 7, 8, 6, 5, 4, 3, 1, 2], [24, 23, 21, 22, 20, 19, 17, 18, 27, 28, 26, 25, 32, 31, 29, 30, 5, 6, 7, 8, 1, 2, 3, 4, 10, 9, 12, 11, 13, 14, 15, 16]];
cc:=[3, 1];
id:=96;
gen_vectors_as_perm:=[S!perm : perm in gen_vectors];
Append(~data, rec<RecFormat |  gen_vectors:=gen_vectors_as_perm, cc:=cc, genvec_id:=id>);

gen_vectors:=[[9, 10, 11, 12, 14, 13, 16, 15, 1, 2, 3, 4, 6, 5, 8, 7, 25, 26, 27, 28, 30, 29, 32, 31, 17, 18, 19, 20, 22, 21, 24, 23], [31, 32, 30, 29, 28, 27, 25, 26, 19, 20, 18, 17, 23, 24, 22, 21, 14, 13, 16, 15, 9, 10, 11, 12, 2, 1, 4, 3, 6, 5, 8, 7], [18, 17, 20, 19, 21, 22, 23, 24, 30, 29, 32, 31, 26, 25, 28, 27, 4, 3, 1, 2, 7, 8, 6, 5, 16, 15, 13, 14, 12, 11, 9, 10]];
cc:=[4, 1];
id:=109;
gen_vectors_as_perm:=[S!perm : perm in gen_vectors];
Append(~data, rec<RecFormat |  gen_vectors:=gen_vectors_as_perm, cc:=cc, genvec_id:=id>);

FindOrbits(G,signature,data,g0,label,g);


data:=[];
label:="3.4-1.0.2-2-2-4-4";
gp_id:=[4,1];
signature:=[0,2,2,2,4,4];

g0:=signature[1];
H:=SmallGroup(gp_id[1],gp_id[2]); n:=#H; LP:=[]; LG:=[g : g in H]; for i in [1..n] do x:=LG[i]; Tx:=[LG[j]*x : j in [1..n]]; permL:=[]; for j in [1..n] do for k in [1..n] do if Tx[j] eq LG[k] then permL[j]:=k; break; end if; end for; end for; Append(~LP,permL); end for; G:=PermutationGroup<n|LP>;
S:=Sym(gp_id[1]);

gen_vectors:=[[2, 1, 4, 3], [2, 1, 4, 3], [2, 1, 4, 3], [3, 4, 2, 1], [3, 4, 2, 1]];
cc:=[1, 1];
id:=352;
gen_vectors_as_perm:=[S!perm : perm in gen_vectors];
Append(~data, rec<RecFormat |  gen_vectors:=gen_vectors_as_perm, cc:=cc, genvec_id:=id>);

gen_vectors:=[[2, 1, 4, 3], [2, 1, 4, 3], [2, 1, 4, 3], [4, 3, 1, 2], [4, 3, 1, 2]];
cc:=[2, 1];
id:=375;
gen_vectors_as_perm:=[S!perm : perm in gen_vectors];
Append(~data, rec<RecFormat |  gen_vectors:=gen_vectors_as_perm, cc:=cc, genvec_id:=id>);

FindOrbits(G,signature,data,g0,label,g);


data:=[];
label:="3.8-3.0.2-2-2-2-2";
gp_id:=[8,3];
signature:=[0,2,2,2,2,2];

g0:=signature[1];
H:=SmallGroup(gp_id[1],gp_id[2]); n:=#H; LP:=[]; LG:=[g : g in H]; for i in [1..n] do x:=LG[i]; Tx:=[LG[j]*x : j in [1..n]]; permL:=[]; for j in [1..n] do for k in [1..n] do if Tx[j] eq LG[k] then permL[j]:=k; break; end if; end for; end for; Append(~LP,permL); end for; G:=PermutationGroup<n|LP>;
S:=Sym(gp_id[1]);

gen_vectors:=[[2, 1, 4, 3, 6, 5, 8, 7], [3, 4, 1, 2, 7, 8, 5, 6], [3, 4, 1, 2, 7, 8, 5, 6], [5, 6, 8, 7, 1, 2, 4, 3], [6, 5, 7, 8, 2, 1, 3, 4]];
cc:=[1, 1];
id:=354;
gen_vectors_as_perm:=[S!perm : perm in gen_vectors];
Append(~data, rec<RecFormat |  gen_vectors:=gen_vectors_as_perm, cc:=cc, genvec_id:=id>);

gen_vectors:=[[2, 1, 4, 3, 6, 5, 8, 7], [3, 4, 1, 2, 7, 8, 5, 6], [4, 3, 2, 1, 8, 7, 6, 5], [5, 6, 8, 7, 1, 2, 4, 3], [5, 6, 8, 7, 1, 2, 4, 3]];
cc:=[1, 2];
id:=366;
gen_vectors_as_perm:=[S!perm : perm in gen_vectors];
Append(~data, rec<RecFormat |  gen_vectors:=gen_vectors_as_perm, cc:=cc, genvec_id:=id>);

FindOrbits(G,signature,data,g0,label,g);


data:=[];
label:="3.16-4.0.4-4-4";
gp_id:=[16,4];
signature:=[0,4,4,4];

g0:=signature[1];
H:=SmallGroup(gp_id[1],gp_id[2]); n:=#H; LP:=[]; LG:=[g : g in H]; for i in [1..n] do x:=LG[i]; Tx:=[LG[j]*x : j in [1..n]]; permL:=[]; for j in [1..n] do for k in [1..n] do if Tx[j] eq LG[k] then permL[j]:=k; break; end if; end for; end for; Append(~LP,permL); end for; G:=PermutationGroup<n|LP>;
S:=Sym(gp_id[1]);

gen_vectors:=[[5, 6, 7, 8, 3, 4, 1, 2, 13, 14, 15, 16, 11, 12, 9, 10], [9, 10, 11, 12, 15, 16, 13, 14, 2, 1, 4, 3, 8, 7, 6, 5], [16, 15, 14, 13, 12, 11, 10, 9, 7, 8, 5, 6, 3, 4, 1, 2]];
cc:=[1, 1];
id:=53;
gen_vectors_as_perm:=[S!perm : perm in gen_vectors];
Append(~data, rec<RecFormat |  gen_vectors:=gen_vectors_as_perm, cc:=cc, genvec_id:=id>);

gen_vectors:=[[5, 6, 7, 8, 3, 4, 1, 2, 13, 14, 15, 16, 11, 12, 9, 10], [10, 9, 12, 11, 16, 15, 14, 13, 1, 2, 3, 4, 7, 8, 5, 6], [15, 16, 13, 14, 11, 12, 9, 10, 8, 7, 6, 5, 4, 3, 2, 1]];
cc:=[2, 1];
id:=76;
gen_vectors_as_perm:=[S!perm : perm in gen_vectors];
Append(~data, rec<RecFormat |  gen_vectors:=gen_vectors_as_perm, cc:=cc, genvec_id:=id>);

gen_vectors:=[[6, 5, 8, 7, 4, 3, 2, 1, 14, 13, 16, 15, 12, 11, 10, 9], [9, 10, 11, 12, 15, 16, 13, 14, 2, 1, 4, 3, 8, 7, 6, 5], [15, 16, 13, 14, 11, 12, 9, 10, 8, 7, 6, 5, 4, 3, 2, 1]];
cc:=[3, 1];
id:=92;
gen_vectors_as_perm:=[S!perm : perm in gen_vectors];
Append(~data, rec<RecFormat |  gen_vectors:=gen_vectors_as_perm, cc:=cc, genvec_id:=id>);

gen_vectors:=[[6, 5, 8, 7, 4, 3, 2, 1, 14, 13, 16, 15, 12, 11, 10, 9], [10, 9, 12, 11, 16, 15, 14, 13, 1, 2, 3, 4, 7, 8, 5, 6], [16, 15, 14, 13, 12, 11, 10, 9, 7, 8, 5, 6, 3, 4, 1, 2]];
cc:=[4, 1];
id:=105;
gen_vectors_as_perm:=[S!perm : perm in gen_vectors];
Append(~data, rec<RecFormat |  gen_vectors:=gen_vectors_as_perm, cc:=cc, genvec_id:=id>);

FindOrbits(G,signature,data,g0,label,g);


data:=[];
label:="3.4-1.1.2-2";
gp_id:=[4,1];
signature:=[1,2,2];

g0:=signature[1];
H:=SmallGroup(gp_id[1],gp_id[2]); n:=#H; LP:=[]; LG:=[g : g in H]; for i in [1..n] do x:=LG[i]; Tx:=[LG[j]*x : j in [1..n]]; permL:=[]; for j in [1..n] do for k in [1..n] do if Tx[j] eq LG[k] then permL[j]:=k; break; end if; end for; end for; Append(~LP,permL); end for; G:=PermutationGroup<n|LP>;
S:=Sym(gp_id[1]);

gen_vectors:=[[2, 1, 4, 3], [3, 4, 2, 1], [2, 1, 4, 3], [2, 1, 4, 3]];
cc:=[1, 1];
id:=357;
gen_vectors_as_perm:=[S!perm : perm in gen_vectors];
Append(~data, rec<RecFormat |  gen_vectors:=gen_vectors_as_perm, cc:=cc, genvec_id:=id>);

FindOrbits(G,signature,data,g0,label,g);


data:=[];
label:="3.2-1.0.2-2-2-2-2-2-2-2";
gp_id:=[2,1];
signature:=[0,2,2,2,2,2,2,2,2];

g0:=signature[1];
H:=SmallGroup(gp_id[1],gp_id[2]); n:=#H; LP:=[]; LG:=[g : g in H]; for i in [1..n] do x:=LG[i]; Tx:=[LG[j]*x : j in [1..n]]; permL:=[]; for j in [1..n] do for k in [1..n] do if Tx[j] eq LG[k] then permL[j]:=k; break; end if; end for; end for; Append(~LP,permL); end for; G:=PermutationGroup<n|LP>;
S:=Sym(gp_id[1]);

gen_vectors:=[[2, 1], [2, 1], [2, 1], [2, 1], [2, 1], [2, 1], [2, 1], [2, 1]];
cc:=[1, 1];
id:=422;
gen_vectors_as_perm:=[S!perm : perm in gen_vectors];
Append(~data, rec<RecFormat |  gen_vectors:=gen_vectors_as_perm, cc:=cc, genvec_id:=id>);

FindOrbits(G,signature,data,g0,label,g);


data:=[];
label:="3.16-13.0.2-2-2-4";
gp_id:=[16,13];
signature:=[0,2,2,2,4];

g0:=signature[1];
H:=SmallGroup(gp_id[1],gp_id[2]); n:=#H; LP:=[]; LG:=[g : g in H]; for i in [1..n] do x:=LG[i]; Tx:=[LG[j]*x : j in [1..n]]; permL:=[]; for j in [1..n] do for k in [1..n] do if Tx[j] eq LG[k] then permL[j]:=k; break; end if; end for; end for; Append(~LP,permL); end for; G:=PermutationGroup<n|LP>;
S:=Sym(gp_id[1]);

gen_vectors:=[[5, 6, 7, 8, 1, 2, 3, 4, 13, 14, 15, 16, 9, 10, 11, 12], [9, 10, 11, 12, 14, 13, 16, 15, 1, 2, 3, 4, 6, 5, 8, 7], [16, 15, 13, 14, 11, 12, 10, 9, 8, 7, 5, 6, 3, 4, 2, 1], [3, 4, 2, 1, 7, 8, 6, 5, 11, 12, 10, 9, 15, 16, 14, 13]];
cc:=[1, 1];
id:=144;
gen_vectors_as_perm:=[S!perm : perm in gen_vectors];
Append(~data, rec<RecFormat |  gen_vectors:=gen_vectors_as_perm, cc:=cc, genvec_id:=id>);

gen_vectors:=[[5, 6, 7, 8, 1, 2, 3, 4, 13, 14, 15, 16, 9, 10, 11, 12], [9, 10, 11, 12, 14, 13, 16, 15, 1, 2, 3, 4, 6, 5, 8, 7], [15, 16, 14, 13, 12, 11, 9, 10, 7, 8, 6, 5, 4, 3, 1, 2], [4, 3, 1, 2, 8, 7, 5, 6, 12, 11, 9, 10, 16, 15, 13, 14]];
cc:=[2, 1];
id:=330;
gen_vectors_as_perm:=[S!perm : perm in gen_vectors];
Append(~data, rec<RecFormat |  gen_vectors:=gen_vectors_as_perm, cc:=cc, genvec_id:=id>);

FindOrbits(G,signature,data,g0,label,g);


data:=[];
label:="3.12-1.0.4-4-6";
gp_id:=[12,1];
signature:=[0,4,4,6];

g0:=signature[1];
H:=SmallGroup(gp_id[1],gp_id[2]); n:=#H; LP:=[]; LG:=[g : g in H]; for i in [1..n] do x:=LG[i]; Tx:=[LG[j]*x : j in [1..n]]; permL:=[]; for j in [1..n] do for k in [1..n] do if Tx[j] eq LG[k] then permL[j]:=k; break; end if; end for; end for; Append(~LP,permL); end for; G:=PermutationGroup<n|LP>;
S:=Sym(gp_id[1]);

gen_vectors:=[[7, 9, 8, 10, 12, 11, 4, 6, 5, 1, 3, 2], [9, 8, 7, 12, 11, 10, 6, 5, 4, 3, 2, 1], [5, 6, 4, 2, 3, 1, 11, 12, 10, 8, 9, 7]];
cc:=[1, 1];
id:=50;
gen_vectors_as_perm:=[S!perm : perm in gen_vectors];
Append(~data, rec<RecFormat |  gen_vectors:=gen_vectors_as_perm, cc:=cc, genvec_id:=id>);

gen_vectors:=[[10, 12, 11, 7, 9, 8, 1, 3, 2, 4, 6, 5], [12, 11, 10, 9, 8, 7, 3, 2, 1, 6, 5, 4], [5, 6, 4, 2, 3, 1, 11, 12, 10, 8, 9, 7]];
cc:=[2, 1];
id:=73;
gen_vectors_as_perm:=[S!perm : perm in gen_vectors];
Append(~data, rec<RecFormat |  gen_vectors:=gen_vectors_as_perm, cc:=cc, genvec_id:=id>);

FindOrbits(G,signature,data,g0,label,g);


data:=[];
label:="3.12-2.0.3-4-12";
gp_id:=[12,2];
signature:=[0,3,4,12];

g0:=signature[1];
H:=SmallGroup(gp_id[1],gp_id[2]); n:=#H; LP:=[]; LG:=[g : g in H]; for i in [1..n] do x:=LG[i]; Tx:=[LG[j]*x : j in [1..n]]; permL:=[]; for j in [1..n] do for k in [1..n] do if Tx[j] eq LG[k] then permL[j]:=k; break; end if; end for; end for; Append(~LP,permL); end for; G:=PermutationGroup<n|LP>;
S:=Sym(gp_id[1]);

gen_vectors:=[[3, 4, 5, 6, 1, 2, 9, 10, 11, 12, 7, 8], [7, 8, 9, 10, 11, 12, 2, 1, 4, 3, 6, 5], [12, 11, 8, 7, 10, 9, 5, 6, 1, 2, 3, 4]];
cc:=[1, 1];
id:=60;
gen_vectors_as_perm:=[S!perm : perm in gen_vectors];
Append(~data, rec<RecFormat |  gen_vectors:=gen_vectors_as_perm, cc:=cc, genvec_id:=id>);

gen_vectors:=[[3, 4, 5, 6, 1, 2, 9, 10, 11, 12, 7, 8], [8, 7, 10, 9, 12, 11, 1, 2, 3, 4, 5, 6], [11, 12, 7, 8, 9, 10, 6, 5, 2, 1, 4, 3]];
cc:=[2, 1];
id:=81;
gen_vectors_as_perm:=[S!perm : perm in gen_vectors];
Append(~data, rec<RecFormat |  gen_vectors:=gen_vectors_as_perm, cc:=cc, genvec_id:=id>);

gen_vectors:=[[5, 6, 1, 2, 3, 4, 11, 12, 7, 8, 9, 10], [7, 8, 9, 10, 11, 12, 2, 1, 4, 3, 6, 5], [10, 9, 12, 11, 8, 7, 3, 4, 5, 6, 1, 2]];
cc:=[3, 1];
id:=95;
gen_vectors_as_perm:=[S!perm : perm in gen_vectors];
Append(~data, rec<RecFormat |  gen_vectors:=gen_vectors_as_perm, cc:=cc, genvec_id:=id>);

gen_vectors:=[[5, 6, 1, 2, 3, 4, 11, 12, 7, 8, 9, 10], [8, 7, 10, 9, 12, 11, 1, 2, 3, 4, 5, 6], [9, 10, 11, 12, 7, 8, 4, 3, 6, 5, 2, 1]];
